1	6	神秘套	神秘剑|神秘甲|神秘衣|神秘头盔|神秘项链|神秘手镯|神秘戒指	0|0|0|0|0|0|0|0|0|0|0|0|0|0|1|1|0|0|0|0|0|0|0|0|0|0|0|0|0|0|0|0|0|0|0|0|0|0|0|0	0|0|0|0|0|0|0|0|0|0|0|0|0|0|0|0|0|0|0|0|0|0|0|0|0|0|0|0|0|0|0|0|0|0|0|0|0|0|0|0	0|0|0|0|0|0|0|0|0|0|0|0|10|10|0|0|0|0|0|100|0|0|0|0|0|0|0|0|0|0|0|0|0|0|0|0|0|0|0|0	
2	5	骷髅套装	骷髅头盔|骷髅戒指|骷髅戒指|死神手套|死神手套	0|0|0|0|0|0|0|0|0|0|0|0|0|0|0|0|0|0|0|0|0|0|0|0|0|0|0|0|0|0|0|0|0|0|0|0|0|0|0|0	0|0|0|0|0|0|0|0|0|0|0|0|0|0|0|0|0|0|0|0|0|0|0|0|0|0|0|0|0|0|0|0|0|0|0|0|0|0|0|0	0|0|1|1|0|0|0|0|0|0|0|0|0|0|1|1|0|0|0|100|0|0|0|0|0|0|0|0|0|0|0|0|0|0|0|0|0|0|0|0	
3	3	兽人套装	半兽战甲|半兽战衣|兽皮腰带|兽皮靴	0|0|0|0|0|0|0|0|0|0|0|0|0|0|1|1|0|0|0|0|0|0|0|0|0|0|0|0|0|0|0|0|0|0|0|0|0|0|0|0	5|0|0|0|0|0|0|0|0|0|0|0|0|0|0|0|0|0|0|0|0|0|0|0|0|0|0|0|0|0|0|0|0|0|0|0|0|0|0|0	0|0|0|0|0|0|0|0|0|0|0|0|1|0|0|0|0|0|0|100|0|0|0|0|0|0|0|0|0|0|0|0|0|0|0|0|0|0|0|0	
4	4	死灵套装	死灵之刃|死灵项链|死灵手镯|死灵戒指	0|0|0|0|0|0|0|0|0|0|0|0|0|0|0|0|0|0|0|0|0|0|0|0|0|0|0|0|0|0|0|0|0|0|0|0|0|0|0|0	0|0|0|0|0|0|0|0|0|0|0|0|0|0|0|0|0|0|0|0|0|0|0|0|0|0|0|0|0|0|0|0|0|0|0|0|0|0|0|0	0|0|0|0|1|0|0|0|0|0|0|0|0|0|0|0|2|2|2|100|0|0|0|0|0|0|0|0|0|0|0|0|0|0|0|0|0|0|0|0	
5	3	黑檀套装	黑檀项链|黑檀手镯|黑檀手镯	0|0|0|0|0|0|0|0|0|0|0|0|0|0|0|0|0|0|0|0|0|0|0|0|0|0|0|0|0|0|0|0|0|0|0|0|0|0|0|0	0|0|0|0|0|0|0|0|0|0|0|0|0|0|0|0|0|0|0|0|0|0|0|0|0|0|0|0|0|0|0|0|0|0|0|0|0|0|0|0	0|0|0|0|0|1|0|0|0|0|0|0|0|1|0|0|0|1|0|100|0|0|0|0|0|0|0|0|0|0|0|0|0|0|0|0|0|0|0|0	
6	4	沃玛战套	炼狱|幽灵项链|幽灵手套|龙之戒指	0|0|0|0|0|0|0|0|0|0|0|0|0|0|0|0|0|0|0|0|0|0|0|0|0|0|0|0|0|0|0|0|0|0|0|0|0|0|0|0	10|0|0|0|0|0|0|0|0|0|0|0|0|0|0|0|0|0|0|0|0|0|0|0|0|0|0|0|0|0|0|0|0|0|0|0|0|0|0|0	0|0|1|1|1|0|0|2|0|0|0|0|0|1|2|2|2|0|0|100|0|0|0|0|0|0|0|0|0|0|0|0|0|0|0|0|0|0|0|0	
7	4	沃玛魔套	魔杖|生命项链|思贝儿手镯|红宝石戒指	0|0|0|0|0|0|0|0|0|0|0|0|0|0|0|0|0|0|0|0|0|0|0|0|0|0|0|0|0|0|0|0|0|0|0|0|0|0|0|0	0|10|0|0|0|0|0|0|0|0|0|0|0|0|0|0|0|0|0|0|0|0|0|0|0|0|0|0|0|0|0|0|0|0|0|0|0|0|0|0	0|0|1|1|0|0|0|0|0|0|0|0|0|1|2|2|0|2|0|100|0|0|0|0|0|0|0|0|0|0|0|0|0|0|0|0|0|0|0|0	
8	4	沃玛道套	银蛇|天珠项链|心灵手镯|铂金戒指	0|0|0|0|0|0|0|0|0|0|0|0|0|0|0|0|0|0|0|0|0|0|0|0|0|0|0|0|0|0|0|0|0|0|0|0|0|0|0|0	5|5|0|0|0|0|0|0|0|0|0|0|0|0|0|0|0|0|0|0|0|0|0|0|0|0|0|0|0|0|0|0|0|0|0|0|0|0|0|0	0|0|1|1|0|0|0|0|0|0|0|0|0|0|2|2|0|0|2|100|0|0|0|0|0|0|0|0|0|0|0|0|0|0|0|0|0|0|0|0	
9	1	井中月	井中月	0|0|0|0|0|0|0|0|0|0|0|0|0|0|0|0|0|0|0|0|0|0|0|0|0|0|0|0|0|0|0|0|0|0|0|0|0|0|0|0	0|0|0|0|0|0|0|0|0|0|0|0|0|0|0|0|0|0|0|0|0|0|0|0|0|0|0|0|0|0|0|0|0|0|0|0|0|0|0|0	0|0|0|0|0|0|0|0|0|0|0|0|0|0|0|0|0|0|0|100|0|0|0|0|0|0|0|0|0|0|0|0|0|0|0|0|0|0|0|0	
10	4	祖玛战套	裁决之杖|绿色项链|骑士手镯|力量戒指	0|0|0|0|0|0|0|0|0|0|0|0|0|0|0|0|0|0|0|0|0|0|0|0|0|0|0|0|0|0|0|0|0|0|0|0|0|0|0|0	10|0|0|0|0|0|0|0|0|0|0|0|0|0|0|0|0|0|0|0|0|0|0|0|0|0|0|0|0|0|0|0|0|0|0|0|0|0|0|0	0|0|2|2|2|0|0|3|0|0|0|0|0|0|2|2|3|0|0|100|0|0|0|0|0|0|0|0|0|0|0|0|0|0|0|0|0|0|0|0	
11	4	祖玛魔套	骨玉权杖|恶魔铃铛|龙之手镯|紫碧螺	0|0|0|0|0|0|0|0|0|0|0|0|0|0|0|0|0|0|0|0|0|0|0|0|0|0|0|0|0|0|0|0|0|0|0|0|0|0|0|0	0|10|0|0|0|0|0|0|0|0|0|0|0|0|0|0|0|0|0|0|0|0|0|0|0|0|0|0|0|0|0|0|0|0|0|0|0|0|0|0	0|0|2|2|0|2|0|0|0|0|0|0|0|1|2|2|0|2|0|100|0|0|0|0|0|0|0|0|0|0|0|0|0|0|0|0|0|0|0|0	
12	4	祖玛道套	龙纹剑|灵魂项链|三眼手镯|泰坦戒指	0|0|0|0|0|0|0|0|0|0|0|0|0|0|0|0|0|0|0|0|0|0|0|0|0|0|0|0|0|0|0|0|0|0|0|0|0|0|0|0	6|6|0|0|0|0|0|0|0|0|0|0|0|0|0|0|0|0|0|0|0|0|0|0|0|0|0|0|0|0|0|0|0|0|0|0|0|0|0|0	0|0|2|2|0|0|2|0|0|0|0|0|0|0|2|2|0|0|2|100|0|0|0|0|0|0|0|0|0|0|0|0|0|0|0|0|0|0|0|0	
13	1	克敌先机	屠龙	0|0|0|0|0|0|0|0|0|0|0|0|0|0|0|0|0|0|0|0|0|0|0|0|0|0|0|0|0|0|0|0|0|0|0|0|0|0|0|0	0|0|0|0|0|0|0|0|0|0|0|0|0|0|0|0|0|0|0|0|0|0|0|0|0|0|0|0|0|0|0|0|0|0|0|0|0|0|0|0	0|0|0|0|0|0|0|255|0|0|0|0|0|0|0|0|0|0|0|100|0|0|0|0|0|0|0|0|0|0|0|0|0|0|0|0|0|0|0|0	
14	4	赤月战套	圣战头盔|圣战项链|圣战手镯|圣战戒指	0|0|0|0|0|0|0|0|0|0|0|0|0|0|0|0|0|0|0|0|0|0|0|0|0|0|0|0|0|0|0|0|0|0|0|0|0|0|0|0	20|0|0|0|0|0|0|0|0|0|0|0|0|0|0|0|0|0|0|0|0|0|0|0|0|0|0|0|0|0|0|0|0|0|0|0|0|0|0|0	0|0|3|3|3|0|0|5|0|0|0|0|0|0|3|3|3|0|0|100|0|0|0|0|0|0|0|0|0|0|0|0|0|0|0|0|0|0|0|0	
15	4	赤月魔套	法神头盔|法神项链|法神手镯|法神戒指	0|0|0|0|0|0|0|0|0|0|0|0|0|0|0|0|0|0|0|0|0|0|0|0|0|0|0|0|0|0|0|0|0|0|0|0|0|0|0|0	0|20|0|0|0|0|0|0|0|0|0|0|0|0|0|0|0|0|0|0|0|0|0|0|0|0|0|0|0|0|0|0|0|0|0|0|0|0|0|0	0|0|3|3|0|1|0|0|0|0|0|0|0|2|3|3|0|3|0|100|0|0|0|0|0|0|0|0|0|0|0|0|0|0|0|0|0|0|0|0	
16	4	赤月道套	天尊头盔|天尊项链|天尊手镯|天尊戒指	0|0|0|0|0|0|0|0|0|0|0|0|0|0|0|0|0|0|0|0|0|0|0|0|0|0|0|0|0|0|0|0|0|0|0|0|0|0|0|0	10|10|0|0|0|0|0|0|0|0|0|0|0|0|0|0|0|0|0|0|0|0|0|0|0|0|0|0|0|0|0|0|0|0|0|0|0|0|0|0	0|0|3|3|0|0|1|0|0|0|0|0|0|0|3|3|0|0|3|100|0|0|0|0|0|0|0|0|0|0|0|0|0|0|0|0|0|0|0|0	
17	4	魔龙战套	雷霆战甲(男)|雷霆战甲(女)|雷霆项链|雷霆护腕|雷霆战戒	0|0|0|0|0|0|0|0|0|0|0|0|0|0|0|0|0|0|0|0|0|0|0|0|0|0|0|0|0|0|0|0|0|0|0|0|0|0|0|0	30|0|0|0|0|0|0|0|0|0|0|0|0|0|0|0|0|0|0|0|0|0|0|0|0|0|0|0|0|0|0|0|0|0|0|0|0|0|0|0	0|0|4|4|5|0|0|8|0|0|0|0|0|0|4|4|5|0|0|100|0|0|0|0|0|0|0|0|0|0|0|0|0|0|0|0|0|0|0|0	
18	4	魔龙魔套	烈焰魔衣(男)|烈焰魔衣(女)|烈焰项链|烈焰护腕|烈焰魔戒	0|0|0|0|0|0|0|0|0|0|0|0|0|0|0|0|0|0|0|0|0|0|0|0|0|0|0|0|0|0|0|0|0|0|0|0|0|0|0|0	0|30|0|0|0|0|0|0|0|0|0|0|0|30|0|0|0|0|0|0|0|0|0|0|0|0|0|0|0|0|0|0|0|0|0|0|0|0|0|0	0|0|4|4|0|4|0|0|0|0|0|0|0|0|4|4|0|4|0|100|0|0|0|0|0|0|0|0|0|0|0|0|0|0|0|0|0|0|0|0	
