;---------------------------------------------------------------------------------------------------------
;调用文件	                地图	X	Y	姓名    	范围	形象	代码	
;---------------------------------------------------------------------------------------------------------
银杏村/银杏村接待员                 n0       646     629     【银杏村】\接待员\向导小敏        0       13       0       0       0
银杏村/屠夫	            	n0	652	593	屠夫		0	11	0	0	0
银杏村/穆家店	        	n0	629	645	穆家店老板	0	6	0	0	0
银杏村/杂货铺	             	n0	644	609	陈家铺老板	0	3	0	0	0
银杏村/武器店	        	n0	647	602	精武馆老板	0	0	0	0	0
银杏村/服饰店	          	n0	640	597	高家店老板	0	7	0	0	0
银杏村/药店	        	n0119	17	15	许家店		0	1	0	0	0
银杏村/炼药	        	n0119	13	11	药房小老板	0	9	0	0	0
;---------------------------------------------------------------------------------------------------------
边界村/边界村接待员                 n0       288     613     【边界村】\接待员\向导阿妍        0       13       0       0       0
边界村/屠夫                     n0	297	602	屠夫	        0	11	0       0       0
边界村/药店	        	n0	290	608	边界村小店老板	0	1	0	0	0
边界村/武器店	         	n0	294	613	边界村铁匠铺	0	0	0	0	0
边界村/服饰店	         	n0	306	608	白家服装老板	0	7	0	0	0
边界村/项链店	        	n0141	10	8	项链店老板	0	6	0	0	0
边界村/手镯店	         	n0141	18	16	手镯店老板	0	5	0	0	0
边界村/戒指店	        	n0141	22	20	戒指店老板	0	4	0	0	0
边界村/仓库	        	n0140	13	14	仓库保管员	0	9	0	0	0
边界村/书店	        	n0132	14	12	朴家书屋老板	0	2	0	0	0
;---------------------------------------------------------------------------------------------------------
比奇城/屠夫	        	n0	313	271	屠夫		0	4	0	0	0
比奇城/屠夫	        	n0102	9	15	屠夫		0	11	0	0	0
比奇城/药店	         	n0	326	291	夏家店		0	5	0	0	0
比奇城/药店	          	n0108	6	12	赖家店老板	0	1	0	0	0
比奇城/炼药	        	n0109	7	12	沓水店老板	0	9	0	0	0
比奇城/书店	        	n0	324	248	比奇书店	0	2	0	0	0
比奇城/书店	         	n0104	11	12	陈家铺子老板	0	2	0	0	0
比奇城/仓库	        	n0	303	256	仓库保管员	0	6	0	0	0
比奇城/仓库	         	n0125	11	8	麦家铺子	0	9	0	0	0
比奇城/商人	        	n0126	11	19	商人		0	9	0	0	0
比奇城/杂货铺	        	n0	378	299	杂货铺老板	0	3	0	0	0
比奇城/武器店	        	n0103	22	21	卫家店		0	1	0	0	0
比奇城/项链店	        	n0105	6	25	项链店		0	6	0	0	0
比奇城/手镯店	          	n0105	12	17	手镯店		0	5	0	0	0
比奇城/戒指店	          	n0105	18	13	戒指店		0	4	0	0	0
比奇城/服饰店	         	n0106	20	11	安家布衣	0	7	0	0	0
比奇城/铁匠	           	n0	343	267	铁匠铺老板	0	0	0	0	0
比奇城/老兵	         	n0	328	260	比奇老兵	0	1	0	0	0
比奇城/武馆教头	        	n0137	23	13	武馆教头	0	15	0	0	0
比奇城/武馆教头	        	n0	400	231	武馆教头	0	15	0	0	0
比奇城/黄飞龙           	n0111	13	10	黄飞龙	        0	3	0       0       0
比奇城/海边老兵          	n0	107	415	海边老兵        0	1	0       0       0
;比奇城/高级战士	         	0114	14	9	高级战士	0	3	0	0	0
;比奇城/高级道士	        	0113	7	5	高级道士	0	3	0	0	0
;比奇城/高级魔法师       	0115	5	11	高级魔法师	0	3	0	0	0
比奇城/网络文明宣传员    	n0	326	261	网络文明宣传员	0	5	0	0	0
比奇城/任务使者	        	D401	91	57	任务使者	0	16	0	0	0
;---------------------------------------------------------------------------------------------------------
沃玛森林/孤独老人       	1       51      53	孤独老人	0	9	0	0	0
沃玛森林/安家铺子老板   	1	314	72	安家铺子老板	0	0	0	0	0
沃玛森林/合家药店老板   	1	309	81	合家药店老板	0	4	0	0	0
沃玛森林/老人	        	1	235	305	老人		0	9	0	0	0
沃玛森林/老兵	        	1	55	164	老兵		0	1	0	0	0
;---------------------------------------------------------------------------------------------------------
毒蛇山谷/铁匠	        	2	518	492	铁匠		0	0	0	0	0
毒蛇山谷/铁匠	        	0120	7	8	朴铁匠		0	0	0	0	0
毒蛇山谷/药店	        	2	505	497	药铺老板	0	1	0	0	0
毒蛇山谷/药店	        	0117	4	10	薄家药铺老板	0	1	0	0	0
毒蛇山谷/杂货店 		2	505	479	罗家铺子老板	0	3	0	0	0
毒蛇山谷/服饰店	        	2	517	477	米家服装老板	0	7	0	0	0
毒蛇山谷/仓库	        	2	517	466	仓库保管员	0	5	0	0	0
毒蛇山谷/神秘老人       	2	515	464	神秘老人	0	9	0	0	0
毒蛇山谷/入场处	        	2	450	300	入场处		0	2	0	0	0
毒蛇山谷/逃离点	        	F003	41	41	逃离点		0	2	0	0	0
;---------------------------------------------------------------------------------------------------------
盟重城/肉店       		n3	357	331	黄家肉店老板	0	11	0	0	0
盟重城/药店         		n3	362	339	药店		0	1	1	0	0
盟重城/仓库	        	n3	302	368	悦来客栈老板	0	6	0	0	0
盟重城/仓库	         	n0145	23	22	仓库保管员	0	9	0	0	0
盟重城/商人             	n0146	20	23	商人    	0	9	0	0	0
盟重城/勋章守护人         	n0146	28	29	勋章守护人	0	1	0	0	0
盟重城/服饰店	         	n0149	32	28	张家布店老板	0	7	0	0	0
盟重城/头盔店	        	n0149	19	15	老张头盔店	0	5	0	0	0
盟重城/手套店	        	n0149	21	28	手套店老板	0	4	0	0	0
盟重城/手镯店	        	n0158	15	29	手镯店		0	6	0	0	0
盟重城/戒指店	        	n0158	21	23	戒指店		0	5	0	0	0
盟重城/项链店	          	n0158	27	17	项链店		0	4	0	0	0
盟重城/回收商人	         	n0158	33	18	回收商人	0	17	0	0	0
盟重城/武器店	        	n0159	16	22	铁匠铺		0	0	0	0	0
盟重城/书店	        	n0161	26	25	书店		0	2	0	0	0
盟重城/杂货铺	        	n3	346	334	流浪汉		0	3	0	0	0
盟重城/彩票员	          	n3	284	343	彩票员		0	3	0	0	0
盟重城/药店	        	n0160	20	26	罗家铺子老板	0	1	0	0	0
盟重城/林小姐	         	n0148	24	25	林小姐		0	13	0	0	0
盟重城/小贩	        	n3	853	660	小贩		0	3	0	0	0
盟重城/占卜师           	n3	850	662	占卜师  	0	9	0       0       0
盟重城/武馆教头	        	n3	286	340	武馆教头	0	15	0	0	0
盟重城/老兵	        	n3	325	325	盟重老兵	0	1	0	0	0
盟重城/网络文明宣传员     	n3	297	302	网络文明宣传员	0	5	0	0	0

;盟重城/李捕头		n3	333	334	李捕头	0	83	0	0	0

盟重城/推广员		n3	336	337	推广员	0	5	0	0	0
盟重城/传送员           n3       338	338     【盟重城】\传送员	0	16	0	0	0

盟重城/影月		n3	379	304	影月	0	81	0	0	0
盟重城/辰星		n3	380	305	辰星	0	82	0	0	0
盟重城/翔天		n3	380	304	翔天	0	83	0	0	0
盟重城/店小二		0170	11	22	【店小二】\小虎		0	76	0
;---------------------------------------------------------------------------------------------------------
沙巴克/杂货铺	        	n3	668	339	沙巴克小贩		0	3	1	0	0
沙巴克/屠夫	        	n3	659	301	沙巴克屠夫		0	6	1	0	0
沙巴克/特殊修理                 n0151	27	32      铁匠铺          0       0       1       0       0
沙巴克/武器店	        	n0151	22	37	武器铺		0	0	1	0	0
沙巴克/武器升级	        	n0151	31	28	兵器店老板	0	0	1	0	0
沙巴克/商人	        	n0152	21	29	商人		0	9	1	0	0
沙巴克/仓库	          	n0152	24	26	仓库保管员	0	6	1	0	0
沙巴克/药店	         	n0153	28	32	药店老板	0	1	1	0	0
沙巴克/炼药	        	n0153	22	37	炼药老板	0	6	1	0	0
沙巴克/项链店	        	n0154	30	32	项链店老板	0	6	1	0	0
沙巴克/戒指店	         	n0154	29	38	戒指店老板	0	5	1	0	0
沙巴克/手镯店	        	n0154	22	40	手镯店老板	0	6	1	0	0
沙巴克/服饰店	         	n0155	21	23	布店老板	0	7	1	0	0
沙巴克/头盔店	        	n0155	12	31	头盔店老板	0	5	1	0	0
沙巴克/白日门来客       	nD701	101	157	白日门来客	0	20	0	0	0
;---------------------------------------------------------------------------------------------------------
白日门/仓库	        	n11	184	297	仓库保管	0	10	0	0	0
白日门/妇女	        	n11	203	321	妇女    	0	23	0	0	0
白日门/武器店	        	n1001	19	13	武器店老板	0	15	0	0	0
白日门/天尊	        	n11	225	272	天尊		0	14	0	0	0
白日门/季正             	D10061  11      16      季正            0       15      0	0	0
白日门/服饰店	         	n1003	14	20	服装店老板	0	23	0	0	0
白日门/书店	        	n1004	10	15	书店		0	18	0	0	0
白日门/首饰店	          	n1005	14	14	首饰店		0	20	0	0	0
白日门/药店	        	n1006	16	9	药店老板	0	25	0	0	0
白日门/药剂师	        	n1006	13	11	药剂师		0	22	0	0	0
白日门/杂货铺	        	n1007	18	12	杂货店		0	17	0	0	0
白日门/道术学员1        	n11	191	329	道术学员	0	21	0	0	0
白日门/道术学员2        	n11	189	327	道术学员	0	21	0	0	0
白日门/道术学员3        	n11	191	325	道术学员	0	21	0	0	0
白日门/道术学员4        	n11	193	327	道术学员	0	21	0	0	0
白日门/道术学员5        	n11	195	325	道术学员	0	21	0	0	0
白日门/道术学员6         	n11	193	323	道术学员	0	21	0	0	0
白日门/道术教头         	n11	196	322	道术教头	0	24	0	0	0
白日门/武术教头	                n11	182	308	武术教头	0	16	0	0	0
白日门/武术学员1                n11      179	309	武术学员	0	19	0	0	0
白日门/武术学员2         	n11	181	311	武术学员	0	19	0	0	0
白日门/武术学员3        	n11	179	313	武术学员	0	19	0	0	0
白日门/武术学员4        	n11	177	311	武术学员	0	19	0	0	0
白日门/武术学员5        	n11	175	313	武术学员	0	19	0	0	0
白日门/武术学员6 	        n11	177	315	武术学员	0	19	0	0	0
白日门/向导	        	n11	186	299	向导		0	15	0	0	0
;---------------------------------------------------------------------------------------------------------
封魔谷/沃玛教主          	nb341	17	19	沃玛教主	0	27	0	0	0
封魔谷/杂货铺	        	n4	255	224	恶魔杂货匠	0	17	0	0	0
封魔谷/屠夫	        	n4	245	189	恶魔屠夫	0	11	0	0	0
封魔谷/武器店	        	n4	227	223	恶魔铁匠	0	0	0	0	0
封魔谷/武器店	        	nb342	11	12	恶魔铁匠铺	0	0	0	0	0
封魔谷/炼药     		nb343	14	10	恶魔炼药师	0	9	0	0	0
封魔谷/药店        		nb343	6	15	恶魔药剂师	0	4	0	0	0
封魔谷/书店	        	nb343	9	11	恶魔学者	0	2	0	0	0
封魔谷/首饰店	        	nb344	9	6	恶魔首饰老板	0	5	0	0	0
封魔谷/服饰店	        	nb345	13	11	恶魔布衣老板	0	6	0	0	0
封魔谷/仓库	        	nb347	9	8	恶魔保管员	0	5	0	0	0
封魔谷/修理师    		d2008	31	24	恶魔修理师	0	0	0	0	0
封魔谷/老兵	        	n4	238	196	恶魔老兵	0	1	0	0	0
封魔谷/老人	        	n4	262	265	恶魔老人	0	9	0	0	0
;---------------------------------------------------------------------------------------------------------
苍月岛/杂货铺   		n5	137	313	杂货店		0	3	0	0	0
苍月岛/书店     		n5	155	298	书店		0	2	0	0	0
苍月岛/武器店   		n5	127	306	武器店老板	0	1	0	0	0
苍月岛/首饰店    		n5	155	339	首饰店		0	4	0	0	0
苍月岛/服饰店    		n5	145	329	服装店老板	0	7	0	0	0
苍月岛/仓库     		n5	126	332	仓库保管员	0	3	0	0	0
苍月岛/药店     		n5	142	356	药铺老板	0	1	0	0	0
苍月岛/炼药     		n5	161	314	药剂师		0	9	0	0	0
苍月岛/老兵     		n5	139	326	海岛老兵	0	1	0	0	0
;---------------------------------------------------------------------------------------------------------
其它区域/石墓_武器店     	D71650	23	27	武器店老板	0	0	0	0	0
其它区域/石墓_衣服店     	D71651	23	27	衣服店老板	0	7	0	0	0
其它区域/石墓_药店       	D71653	23	27	药店保管员	0	3	0	0	0
其它区域/石墓_首饰店     	D71652	23	27	首饰店保管员	0	5	0	0	0
其它区域/石墓_合成师     	R001	53	115	合成师		0	15	0	0	0
其它区域/石墓_神秘老人   	R001	21	84	神秘老人	0	9	0	0	0
其它区域/死亡山谷_布店  	D608	30	22	布店老板	0	3	0	0	0
其它区域/死亡山谷_老吴  	D608	26	27	老吴		0	9	0	0	0
其它区域/祖玛阁_杂货店  	D5063	62	36	杂货店老板	0	1	0	0	0
其它区域/连接通道_老人  	E603	31	191	老人		0	9	0	0	0
其它区域/古墓二层_地摊商人	D002	174	216	地摊商人  	0	3	0	0	0
其它区域/兽人古墓_杂货  	DM001	4	6	地摊商人	0	9	0	0	0
其它区域/天然洞穴_商店  	DM011	4	6	地摊商人	0	9	0	0	0
;---------------------------------------------------------------------------------------------------------
幻境-影之道/幻境_幻境小贩  	H003	89	79	幻境小贩	0	3	0	0	0
幻境-影之道/幻境_仓库管理员	H003	80	87	仓库管理员	0	9	0	0	0
幻境-影之道/幻境_幻境小贩  	H007	170	170	幻境商贩	0	3	0	0	0
幻境-影之道/幻境_仓库管理员	H007	160	180	仓库管理员	0	9	0	0	0
幻境-影之道/幻境_幻境向导  	H003	83	83	幻境向导	0	15	0	0	0
幻境-影之道/幻境_幻境向导  	H010	370	376	幻境引导	0	15	0	0	0
幻境-影之道/影之道_神秘老人     h102    208     226     神秘老人        0       1       0       0       0
幻境-影之道/影之道_禁地看护人   H106    100     93      禁地看护人      0       15      0       0       0
幻境-影之道/影之道_神秘老人	n0150	32	35	神秘老人	0	9	0	0	0
幻境-影之道/影之道_沙巴克秘使   H201    20      96      沙巴克秘使      0       9       0       0       0
幻境-影之道/影之道_幻境小贩	H203	21	17	幻境商人	0	3	0	0	0
幻境-影之道/影之道_仓库保管员	H203	18	20	仓库保管处	0	9	0	0	0
幻境-影之道/影之道_神秘老人     H204    54      52      神秘老人        0       9       0       0       0
