;代码 x y 名称 范围 数量 时间

;比奇
n0 600 576 弓箭守卫 0 1 10
n0 665 87 弓箭守卫 0 1 10
n0 666 86 弓箭守卫 0 1 10
n0 671 94 弓箭守卫 0 1 10
n0 672 93 弓箭守卫 0 1 10
n0 340 513 弓箭守卫 0 1 10
n0 341 514 弓箭守卫 0 1 10
n0 367 487 弓箭守卫 0 1 10
n0 368 488 弓箭守卫 0 1 10
n0 318 244 弓箭守卫 0 1 10
n0 300 207 弓箭守卫 0 1 10
n0 310 227 弓箭守卫 0 1 10
n0 313 230 弓箭守卫 0 1 10
n0 309 286 弓箭守卫 0 1 10
n0 329 289 弓箭守卫 0 1 10
n0 355 280 弓箭守卫 0 1 10
n0 362 301 弓箭守卫 0 1 10
n0 374 291 弓箭守卫 0 1 10
n0 321 257 弓箭守卫 0 1 10
n0 301 319 弓箭守卫 0 1 10
n0 335 309 弓箭守卫 0 1 10
n0 339 313 弓箭守卫 0 1 10
n0 320 36 弓箭守卫 0 1 10
n0 327 42 弓箭守卫 0 1 10

;白日馆
GA0 60 60 白虎 50 5 15
GA0 60 60 金钩毒蜴 50 5 15
GA0 70 70 白虎 50 5 15
GA0 70 70 金钩毒蜴 50 5 15
GA0 80 80 白虎 50 5 15
GA0 80 80 金钩毒蜴 50 5 15
GA0 90 90 白虎 50 5 15
GA0 90 90 金钩毒蜴 50 5 15
GA0 80 80 白虎 50 1 60
GA0 80 80 金钩毒蜴0 50 1 60

;沃玛森林
1 52 33 弓箭守卫 0 1 10
1 52 33 弓箭守卫 0 1 10
1 46 39 弓箭守卫 0 1 10
1 51 165 弓箭守卫 0 1 10
1 52 171 弓箭守卫 0 1 10
1 566 544 弓箭守卫 0 1 10
1 555 544 弓箭守卫 0 1 10

;毒蛇山谷
2 417 558 弓箭守卫 0 1 10
2 416 559 弓箭守卫 0 1 10
2 423 566 弓箭守卫 0 1 10
2 424 565 弓箭守卫 0 1 10

2 292 60 弓箭守卫 0 1 10
2 298 65 弓箭守卫 0 1 10

2 552 80 弓箭守卫 0 1 10
2 560 88 弓箭守卫 0 1 10

;盟重
n3 325 311 弓箭守卫 0 1 10
n3 348 332 弓箭守卫 0 1 10
n3 296 334 弓箭守卫 0 1 10
n3 302 340 弓箭守卫 0 1 10
n3 305 290 弓箭守卫 0 1 10
n3 288 305 弓箭守卫 0 1 10
n3 302 370 弓箭守卫 0 1 10
n3 336 321 弓箭守卫 0 1 10
n3 339 313 弓箭守卫 0 1 10
2 510 479 弓箭守卫 0 1 10
2 508 492 弓箭守卫 0 1 10
n3 273 743 弓箭守卫 0 1 10
n3 272 744 弓箭守卫 0 1 10
n3 512 770 弓箭守卫 0 1 10
n3 519 777 弓箭守卫 0 1 10

;封魔谷
n4 443 184 恶魔弓箭手 0 1 1
n4 443 192 恶魔弓箭手 0 1 1

n4 256 231 恶魔弓箭手 0 1 1
n4 251 236 恶魔弓箭手 0 1 1
n4 255 230 恶魔弓箭手 0 1 1
n4 250 235 恶魔弓箭手 0 1 1
n4 254 229 恶魔弓箭手 0 1 1
n4 249 234 恶魔弓箭手 0 1 1
n4 253 228 恶魔弓箭手 0 1 1
n4 248 233 恶魔弓箭手 0 1 1
n4 252 227 恶魔弓箭手 0 1 1
n4 247 232 恶魔弓箭手 0 1 1

n4 257 186 恶魔弓箭手 0 1 1
n4 253 183 恶魔弓箭手 0 1 1
n4 256 187 恶魔弓箭手 0 1 1
n4 252 184 恶魔弓箭手 0 1 1
n4 255 188 恶魔弓箭手 0 1 1
n4 251 185 恶魔弓箭手 0 1 1
n4 254 189 恶魔弓箭手 0 1 1
n4 250 186 恶魔弓箭手 0 1 1
n4 253 190 恶魔弓箭手 0 1 1
n4 249 187 恶魔弓箭手 0 1 1
n4 215 193 恶魔弓箭手 0 1 1
n4 219 189 恶魔弓箭手 0 1 1
;封魔皇宫门口
n4 223 195 恶魔弓箭手 0 1 1
n4 224 194 恶魔弓箭手 0 1 1
n4 225 193 恶魔弓箭手 0 1 1
n4 226 192 恶魔弓箭手 0 1 1
n4 216 202 恶魔弓箭手 0 1 1
n4 215 203 恶魔弓箭手 0 1 1
n4 214 204 恶魔弓箭手 0 1 1
n4 213 205 恶魔弓箭手 0 1 1

;苍月岛
n5 122 334 弓箭守卫 0 1 10
n5 136 336 弓箭守卫 0 1 10
n5 143 324 弓箭守卫 0 1 10
n5 164 357 弓箭守卫 0 1 10
n5 169 352 弓箭守卫 0 1 10
n5 140 362 弓箭守卫 0 1 10
n5 131 301 弓箭守卫 0 1 10

;白日门
n11 43 480 弓箭守卫 0 1 10
n11 49 474 弓箭守卫 0 1 10

;毒蛇矿区-死亡山谷
D422 332 380 弓箭守卫 0 1 10
D422 328 384 弓箭守卫 0 1 10

E605 10 61 弓箭守卫 0 1 10
E605 15 68 弓箭守卫 0 1 10

D601 13 196 弓箭守卫 0 1 10
D601 7 201 弓箭守卫 0 1 10

E601 139 13 弓箭守卫 0 1 10
E601 138 12 弓箭守卫 0 1 10

;比奇城
n0 350 200 鸡 25 5 5
n0 280 260 鸡 25 5 5
n0 405 240 鸡 25 5 5
n0 340 310 鸡 25 5 5
n0 600 580 鹿 40 10 7
n0 663 661 鸡 20 10 5
n0 295 625 鸡 50 10 5
n0 645 625 鸡 40 10 5

;比奇省北部
n0 110 60 稻草人 70 40 9
n0 110 80 多钩猫 60 40 9
n0 220 60 稻草人 60 40 9
n0 150 130 多钩猫 50 40 9
n0 140 100 钉耙猫 50 50 9
n0 90 240 半兽人 60 50 6
n0 65 185 毒蜘蛛 30 30 9
n0 120 200 食人花 60 40 9 
n0 210 185 鹿 45 50 5
n0 265 125 鹿 45 50 5
n0 310 95 鹿 45 50 5
n0 225 20 蛤蟆 20 15 8
n0 280 380 蛤蟆 20 15 8
n0 340 80 蛤蟆 20 15 8
n0 60 300 毒蜘蛛 60 40 9

;比奇省东部
n0 420 95 半兽人 50 50 9
n0 570 120 毒蜘蛛 80 30 9
n0 615 110 毒蜘蛛 50 20 9
n0 560 200 半兽人 90 80 7
n0 620 370 毒蜘蛛 60 40 9
n0 420 380 鹿 45 40 5
n0 470 330 鹿 45 40 5
n0 395 420 蛤蟆 40 40 8
n0 475 500 食人花 90 70 9
n0 405 515 蛤蟆 30 30 8
n0 500 400 稻草人 50 40 9
n0 510 410 多钩猫 50 40 9
n0 510 410 钉耙猫 50 40 9
n0 560 320 半兽人 90 60 7
n0 480 450 半兽人 60 50 7
n0 600 400 森林雪人 70 30 7
n0 600 400 半兽人 80 60 9
n0 610 405 食人花 60 80 9
n0 650 420 毒蜘蛛 30 30 9

n0 600 580 鹿 40 30 7
n0 663 661 鸡 20 20 5
n0 663 661 稻草人 20 40 5
n0 540 530 稻草人 70 70 5
n0 550 550 鹿 70 70 4
n0 570 610 鹿 50 60 5
n0 640 520 多钩猫 50 40 5
n0 640 520 钉耙猫 50 40 5
n0 640 530 稻草人 50 40 5

n0 205 325 鹿 50 40 5
n0 260 380 鹿 50 40 5
n0 300 410 蛤蟆 50 30 6
n0 200 400 稻草人 50 30 6
n0 180 420 多钩猫 50 30 6
n0 180 420 钉耙猫 50 30 6
n0 110 425 森林雪人 70 40 7
n0 110 440 半兽人 70 50 7
n0 220 470 半兽人 70 50 7
n0 140 500 半兽人 50 30 7
n0 130 510 食人花 70 40 9
n0 165 550 森林雪人 60 40 7
n0 340 550 钉耙猫 50 50 6
n0 340 550 多钩猫 50 50 6
n0 340 550 鹿 50 40 4
n0 247 565 鹿 50 50 4
n0 330 530 稻草人 40 60 6
n0 270 625 鹿 60 70 4
n0 270 625 稻草人 60 60 5

n0 295 625 鸡 50 10 5
n0 645 625 鸡 40 10 5

;研究院
n0110 5 14 练功师 0 1 10
n0110 8 17 练功师 0 1 10
n0110 10 9 练功师 0 1 10
n0110 13 12 练功师 0 1 10
n0111 5 14 练功师 0 1 10
n0111 8 17 练功师 0 1 10
n0111 10 9 练功师 0 1 10
n0111 13 12 练功师 0 1 10
n0112 5 14 练功师 0 1 10
n0112 8 17 练功师 0 1 10
n0112 10 9 练功师 0 1 10
n0112 13 12 练功师 0 1 10

;半兽古墓一层
D001 200 200 蝎子 200 100 8
D001 200 200 骷髅 200 160 8
D001 200 200 骷髅战士 200 120 8
D001 200 200 洞蛆 200 70 8
D001 200 200 山洞蝙蝠 200 30 8 100
D001 200 200 山洞蝙蝠 200 45 8
D001 190 125 蝎子 30 14 8
D001 250 260 骷髅 30 14 8
D001 250 90 山洞蝙蝠 30 14 8
D001 30 30 山洞蝙蝠 50 30 10
;特殊
D001 200 200 骷髅战士0 200 10 10
D001 200 200 骷髅0 200 10 10

;半兽古墓二层
D002 200 200 洞蛆 200 80 8
D002 200 200 骷髅战士 200 140 8
D002 200 200 掷斧骷髅 200 80 8
D002 200 200 骷髅战将 200 100 8
D002 200 200 骷髅 200 80 8
D002 200 200 山洞蝙蝠 200 30 8 50
D002 200 200 山洞蝙蝠 200 40 8
D002 300 230 山洞蝙蝠 30 20 8
;特殊
D002 200 200 骷髅战士0 200 10 10
D002 200 200 掷斧骷髅0 200 10 10
D002 200 200 骷髅战将0 200 10 10
D002 200 200 骷髅0 200 10 10
D002 200 200 骷髅精灵 200 1 60

;半兽古墓三层
D003 200 200 洞蛆 200 80 8
D003 200 200 骷髅战士 200 120 8
D003 200 200 掷斧骷髅 200 80 8
D003 200 200 骷髅战将 200 120 8
D003 200 200 骷髅 200 100 8
D003 200 200 山洞蝙蝠 200 30 8 50
D003 200 200 山洞蝙蝠 200 40 8
;特殊
D003 200 200 骷髅战士0 200 10 10
D003 200 200 掷斧骷髅0 200 10 10
D003 200 200 骷髅战将0 200 10 10
D003 200 200 骷髅0 200 10 10
D003 200 200 山洞蝙蝠0 200 10 10 
D003 200 200 骷髅精灵 200 2 60

;连接通道一
E401 50 50 洞蛆 50 15 23
E401 50 50 骷髅战士 50 25 23
E401 50 50 掷斧骷髅 50 15 23
E401 50 50 骷髅战将 50 25 23
E401 50 50 骷髅 50 20 23
E401 50 50 山洞蝙蝠 50 15 23 50
;特殊
E401 50 50 骷髅战士0 50 2 30
E401 50 50 骷髅战将0 50 2 30

;连接通道二
E402 50 50 洞蛆 50 10 23
E402 50 50 骷髅战士 50 15 23
E402 50 50 掷斧骷髅 50 10 23
E402 50 50 骷髅战将 50 15 23
E402 50 50 骷髅 50 15 23
E402 50 50 山洞蝙蝠 50 10 23 50
E402 50 50 闪电僵尸 50 10 23 50
E402 50 50 墓穴僵尸 50 8 23
E402 50 50 土栖僵尸 50 8 23
E402 50 50 腐烂僵尸 50 8 23
E402 50 50 残肢僵尸 50 8 23
;特殊
E402 50 50 骷髅战将0 50 2 30
E402 50 50 闪电僵尸0 50 2 30

;连接通道三
E403 50 50 洞蛆 50 4 23
E403 50 50 骷髅战士 50 10 23
E403 50 50 掷斧骷髅 50 4 23
E403 50 50 骷髅战将 50 10 23
E403 50 50 骷髅 50 6 23
E403 50 50 山洞蝙蝠 50 4 23 50
E403 50 50 闪电僵尸 50 15 23 50
E403 50 50 墓穴僵尸 50 10 23
E403 50 50 土栖僵尸 50 10 23
E403 50 50 腐烂僵尸 50 10 23
E403 50 50 残肢僵尸 50 10 23
;特殊
E403 50 50 骷髅战将0 50 2 30
E403 50 50 闪电僵尸0 50 2 30
;连接通道四
E404 50 50 闪电僵尸 50 20 23 50
E404 50 50 墓穴僵尸 50 15 23
E404 50 50 土栖僵尸 50 15 23
E404 50 50 腐烂僵尸 50 15 23
E404 50 50 残肢僵尸 50 15 23
;特殊
E404 50 50 墓穴僵尸0 50 2 30
E404 50 50 闪电僵尸0 50 2 30

;天然洞穴一层
D011 200 200 骷髅 200 120 8
D011 200 200 骷髅战士 200 120 8
D011 200 200 蝎子 200 100 8
D011 200 200 山洞蝙蝠 200 30 8 100
D011 200 200 山洞蝙蝠 200 45 8 100
D011 200 200 洞蛆 200 100 8
;特殊
D011 200 200 骷髅0 200 10 10
D011 200 200 骷髅战士0 200 10 10
D011 200 200 山洞蝙蝠0 200 10 10
D011 200 200 骷髅精灵 200 1 60

;天然洞穴二层
D012 200 200 骷髅 200 80 8
D012 200 200 骷髅战士 200 120 8
D012 200 200 骷髅战将 200 120 8
D012 200 200 掷斧骷髅 200 100 8
D012 200 200 蝎子 200 70 8
D012 200 200 洞蛆 200 50 8
D012 200 200 山洞蝙蝠 200 30 8 100
D012 200 200 山洞蝙蝠 200 40 8
D012 200 200 山洞蝙蝠 200 10 8 100
D012 200 200 山洞蝙蝠 200 10 8 100
D012 200 200 山洞蝙蝠 200 10 8 100
;特殊
D012 200 200 骷髅0 200 10 10
D012 200 200 骷髅战士0 200 10 10
D012 200 200 骷髅战将0 200 10 10
D012 200 200 掷斧骷髅0 200 10 10
D012 200 200 山洞蝙蝠0 200 10 10
D012 200 200 骷髅精灵 200 2 60

;沃玛自然洞穴一层
E001 50 50 洞蛆 50 15 23
E001 50 50 骷髅战士 50 25 23
E001 50 50 掷斧骷髅 50 15 23
E001 50 50 骷髅战将 50 25 23
E001 50 50 骷髅 50 20 23
E001 50 50 山洞蝙蝠 50 15 23 50
;特殊
E001 50 50 骷髅战士0 50 2 60
E001 50 50 骷髅战将0 50 2 60

;沃玛自然洞穴二层
E002 50 50 洞蛆 50 15 23
E002 50 50 骷髅战士 50 25 23
E002 50 50 掷斧骷髅 50 15 23
E002 50 50 骷髅战将 50 25 23
E002 50 50 骷髅 50 20 23
E002 50 50 山洞蝙蝠 50 15 23 50
;特殊
E002 50 50 骷髅战士0 50 2 60
E002 50 50 骷髅战将0 50 2 60

;沃玛森林
1 145 60 森林雪人 80 35 7
1 145 60 森林雪人 80 35 7
1 302 164 半兽人 150 200 6
1 302 164 半兽战士 150 40 6
1 302 164 半兽勇士 150 2 60
1 302 164 森林雪人 150 90 6
1 352 382 半兽人 100 30 6
1 352 382 半兽战士 100 10 6
1 352 382 半兽勇士 100 4 60
1 250 230 森林雪人 230 300 5
1 250 230 半兽人 230 200 6
1 250 230 半兽战士 230 50 6
1 250 230 半兽勇士 230 1 60
1 219 381 半兽人 100 50 6
1 219 381 半兽战士 100 10 6
1 219 381 半兽勇士 100 4 60
1 219 381 森林雪人 100 90 5
1 238 511 毒蜘蛛 80 50 6
1 497 465 钉耙猫 50 40 9
1 497 445 多钩猫 50 40 9
1 250 250 食人花 250 100 9
;特殊
1 250 250 森林雪人0 250 5 10
1 250 250 半兽人0 250 5 10
1 250 250 半兽战士0 250 5 10
1 250 250 钉耙猫0 250 5 10
1 250 250 多钩猫0 250 5 10

;封魔谷
n4 322 334 半兽战士 90 40 5
n4 322 334 半兽勇士9 90 20 7
n4 322 334 半兽勇士1 90 10 7
n4 322 334 骷髅 90 20 5
n4 322 334 骷髅战士 90 20 5
n4 322 334 骷髅战将 90 20 5
n4 322 334 掷斧骷髅 90 20 5

n4 348 190 半兽战士 90 40 5
n4 348 190 半兽勇士9 90 20 7
n4 348 190 半兽勇士1 90 10 7
n4 348 190 骷髅 90 20 5
n4 348 190 骷髅战士 90 20 5
n4 348 190 骷髅战将 90 20 5
n4 348 190 掷斧骷髅 90 20 5

n4 107 138 半兽战士 90 40 5
n4 107 138 半兽勇士9 90 20 7
n4 107 138 半兽勇士1 90 10 7
n4 107 138 骷髅 90 20 5
n4 107 138 骷髅战士 90 20 5
n4 107 138 骷髅战将 90 20 5
n4 107 138 掷斧骷髅 90 20 5

n4 126 311 半兽战士 90 40 5
n4 126 311 半兽勇士9 90 20 7
n4 126 311 半兽勇士1 90 10 7
n4 126 311 骷髅 90 20 5
n4 126 311 骷髅战士 90 20 5
n4 126 311 骷髅战将 90 20 5
n4 126 311 掷斧骷髅 90 20 5

n4 199 99 骷髅 50 20 6
n4 199 99 骷髅战士 50 20 6
n4 199 99 骷髅战将 50 20 6
n4 199 99 掷斧骷髅 50 20 6

n4 274 259 骷髅 15 4 6
n4 274 259 骷髅战士 15 4 6
n4 274 259 骷髅战将 15 4 6
n4 274 259 掷斧骷髅 15 4 6
n4 274 259 墓穴僵尸 15 4 6

n4 170 267 骷髅 15 4 6
n4 170 267 骷髅战士 15 4 6
n4 170 267 骷髅战将 15 4 6
n4 170 267 掷斧骷髅 15 4 6
n4 170 267 墓穴僵尸 15 4 6

n4 289 154 骷髅 15 4 6
n4 289 154 骷髅战士 15 4 6
n4 289 154 骷髅战将 15 4 6
n4 289 154 掷斧骷髅 15 4 6
n4 289 154 墓穴僵尸 15 4 6

n4 443 192 半兽勇士9 20 5 7
n4 443 192 半兽战士 20 10 7
n4 443 192 骷髅战士 20 5 7
n4 443 192 骷髅 20 5 7
n4 443 192 掷斧骷髅 20 5 7

n4 73 85 半兽勇士9 20 10 7
n4 73 85 半兽勇士1 20 5 7
n4 73 85 骷髅战将 20 5 7
n4 73 85 闪电僵尸 20 5 7
n4 73 85 墓穴僵尸 20 5 7

;特殊
n4 322 334 半兽战士0 80 4 15
n4 348 190 半兽勇士 80 2 25
n4 107 138 墓穴僵尸0 80 4 15
n4 126 311 骷髅战士0 80 4 15
n4 322 334 骷髅战将0 65 4 15
n4 348 190 掷斧骷髅0 65 4 15
n4 107 138 骷髅0 65 4 15
n4 443 192 骷髅战士0 20 2 15
n4 73 85 闪电僵尸0 20 2 15
n4 107 138 骷髅精灵 80 2 60
n4 322 334 半兽统领 80 2 60
n4 123 404 千年树妖 0 1 360

;封魔皇宫
B341 21 25 沃玛卫士 20 1 60

;苍月岛
n5 550 530 半兽战士 300 50 10
n5 550 530 半兽勇士9 300 20 10
n5 550 530 半兽勇士1 300 10 10
n5 550 530 骷髅 300 20 10
n5 550 530 骷髅战士 300 20 10
n5 550 530 骷髅战将 300 20 10
n5 550 530 掷斧骷髅 300 20 10
n5 550 530 半兽战士 300 50 10
n5 550 530 半兽勇士9 300 20 10
n5 550 530 半兽勇士1 300 10 10
n5 550 530 骷髅 300 20 10
n5 550 530 骷髅战士 300 20 10
n5 550 530 骷髅战将 300 20 10
n5 550 530 掷斧骷髅 300 20 10
n5 550 530 半兽战士 300 50 10
n5 550 530 半兽勇士9 300 20 10
n5 550 530 半兽勇士1 300 10 10
n5 550 530 骷髅 300 20 10
n5 550 530 骷髅战士 300 20 10
n5 550 530 骷髅战将 300 20 10
n5 550 530 掷斧骷髅 300 20 10
n5 550 530 半兽战士 300 50 10
n5 550 530 半兽勇士9 300 20 10
n5 550 530 半兽勇士1 300 10 10
n5 550 530 骷髅 300 20 10
n5 550 530 骷髅战士 300 20 10
n5 550 530 骷髅战将 300 20 10
n5 550 530 掷斧骷髅 300 20 10
n5 550 530 半兽战士 300 50 10
;特殊
n5 450 530 宝箱 250 5 30
n5 450 530 宝箱 250 3 60
n5 450 530 宝箱 250 2 90
n5 450 530 宝箱 250 1 120
n5 450 530 宝箱8 250 1 240

;白日门
n11 108 422 森林雪人 50 30 7
n11 108 422 半兽人 50 10 7
n11 108 422 半兽战士 50 30 7
n11 108 422 半兽勇士9 50 10 10
n11 108 422 半兽统领 50 4 60
n11 147 211 森林雪人 80 20 7
n11 147 211 半兽战士 80 30 7
n11 147 211 半兽勇士9 80 10 10
n11 147 211 半兽统领 80 4 60
n11 321 266 森林雪人 80 30 7
n11 321 266 半兽战士 80 40 6
n11 321 266 半兽勇士9 80 20 10
n11 321 266 半兽统领 80 6 60
n11 348 132 半兽人 100 10 6
n11 348 132 半兽战士 80 40 6
n11 348 132 半兽勇士9 80 10 10
n11 348 132 半兽统领 80 4 60
n11 348 132 森林雪人 100 40 7
n11 348 132 雪人王 100 2 120
n11 380 270 钉耙猫王 80 1 120
n11 380 270 钉耙猫 90 10 7
n11 100 450 多钩猫 90 10 7
n11 100 450 多钩猫王 80 1 120
n111 147 211 毒蜘蛛 60 30 6
n111 147 211 剧毒蜘蛛 60 3 30
n111 147 211 天狼蜘蛛 60 10 30
n11 321 266 毒蜘蛛 80 40 7
n11 321 266 剧毒蜘蛛 80 4 30
n11 348 132 毒蜘蛛 60 30 6
n11 348 132 剧毒蜘蛛 60 3 30
n11 45 380 食人花 100 40 9
n11 360 255 天狼蜘蛛 80 20 15
n11 321 266 半兽勇士 80 3 60
n11 147 211 半兽勇士 80 3 60
n11 348 132 半兽勇士 80 3 60
;特殊
n11 108 422 森林雪人0 50 3 15
n11 321 266 半兽人0 50 5 15
n11 132 185 半兽战士0 50 5 30
n11 380 270 钉耙猫0 50 5 15
n11 100 450 多钩猫0 50 5 15
n11 360 255 天狼蜘蛛0 80 10 60

;特殊
n11 200 200 鹰卫 200 1 180

;白日门馆长屋 
1002 12 12 虎卫 5 1 180

;丛林迷宫
12 100 60 天狼蜘蛛 100 20 8
12 100 60 暴牙蜘蛛 100 10 10
12 100 60 花吻蜘蛛 100 10 10
12 290 160 天狼蜘蛛 100 10 8
12 290 160 暴牙蜘蛛 100 10 10
12 290 160 花吻蜘蛛 100 10 10
12 50 300 天狼蜘蛛 100 10 8
12 50 300 暴牙蜘蛛 100 10 10
12 50 300 花吻蜘蛛 100 10 10
12 80 220 天狼蜘蛛 100 10 8
12 80 220 暴牙蜘蛛 100 10 10
12 80 220 花吻蜘蛛 100 10 10
12 160 210 天狼蜘蛛 100 10 8
12 160 210 暴牙蜘蛛 100 10 10
12 160 210 花吻蜘蛛 100 10 10
12 190 330 天狼蜘蛛 100 10 8
12 190 330 暴牙蜘蛛 100 10 10
12 190 330 花吻蜘蛛 100 10 10
12 288 328 剧毒蜘蛛 100 10 6
12 288 328 天狼蜘蛛 100 10 8
12 288 328 暴牙蜘蛛 100 10 10
12 288 328 花吻蜘蛛 100 10 10
12 190 330 剧毒蜘蛛 250 20 6
12 290 160 天狼蜘蛛0 50 20 30
12 100 60 暴牙蜘蛛0 50 20 30
12 50 300 花吻蜘蛛0 50 10 30
12 290 160 天狼蜘蛛8 50 10 60
12 50 300 花吻蜘蛛8 50 5 60
;特殊
12 50 300 鹰卫 150 1 180

;毒蛇山谷
2 250 250 红蛇 220 20 6
2 320 130 红蛇 100 25 6
2 250 250 食人花 200 20 6
2 100 250 毒蜘蛛 60 20 6
2 350 100 毒蜘蛛 50 20 6
2 260 200 多钩猫 60 20 6
2 260 200 红蛇 60 20 6
2 260 170 钉耙猫 60 20 6
2 260 170 红蛇 60 20 6
2 420 80 毒蜘蛛 50 20 7
2 448 362 虎蛇 60 20 6
2 400 180 虎蛇 120 20 6
2 250 280 虎蛇 120 20 5
2 250 250 红蛇 220 20 5 50
2 140 250 红蛇 80 20 5
2 300 330 半兽人 100 20 6
2 400 130 半兽人 100 25 6
2 300 400 多钩猫 200 20 6
2 300 400 钉耙猫 200 20 6
;特殊
2 300 400 红蛇0 200 3 10
2 300 400 多钩猫0 200 3 10
2 300 400 钉耙猫0 200 3 10
2 300 400 虎蛇0 200 3 10
2 300 400 半兽人0 200 3 10

;盟重土城
n3 380 410 羊 60 20 6
n3 380 290 羊 60 20 6
n3 160 250 猎鹰 80 10 7
n3 500 125 猎鹰 40 10 7
n3 150 230 盔甲虫 100 20 7
n3 100 390 沙虫 50 20 7
n3 320 150 盔甲虫 100 20 7
n3 320 150 沙虫 30 20 7
n3 416 200 盔甲虫 70 20 7
n3 583 130 盔甲虫 70 20 7
n3 500 140 多角虫 60 20 7
n3 666 115 多角虫 60 20 7
n3 500 140 巨型多角虫 500 10 30
n3 790 100 狼 50 10 6
n3 880 70 狼 50 10 6
n3 880 370 狼 100 20 6
n3 666 660 多角虫 100 20 7
n3 710 500 盔甲虫 120 20 7
n3 710 625 威思而小虫 50 10 7
n3 130 590 狼 100 20 6
n3 333 560 狼 120 20 6
n3 450 560 狼 120 20 6
n3 333 560 虎蛇 150 20 6
;特殊
n3 500 140 猎鹰0 500 5 10
n3 500 140 盔甲虫0 500 5 10
n3 500 140 多角虫0 500 5 10
n3 500 140 虎蛇0 500 5 10

;废矿入口
D401 44 150 蝎子 200 10 8
D401 40 29 闪电僵尸 30 5 3
D401 40 29 墓穴僵尸 30 7 3
D401 40 29 土栖僵尸 30 5 3
D401 40 29 腐烂僵尸 30 8 3
D401 40 29 残肢僵尸 30 9 2
D401 40 29 洞蛆 100 10 10
D401 44 93 闪电僵尸 30 5 3
D401 44 93 墓穴僵尸 30 7 3
D401 44 93 土栖僵尸 30 5 3
D401 44 93 腐烂僵尸 30 8 3
D401 44 93 残肢僵尸 30 9 2
D401 44 93 洞蛆 100 10 10
D401 33 153 闪电僵尸 30 5 3
D401 33 153 墓穴僵尸 30 7 3
D401 33 153 土栖僵尸 30 5 3
D401 33 153 腐烂僵尸 30 8 3
D401 33 153 残肢僵尸 30 9 2
D401 33 153 洞蛆 100 10 10
D401 90 166 闪电僵尸 30 5 3
D401 90 166 墓穴僵尸 30 7 3
D401 90 166 土栖僵尸 30 5 3
D401 90 166 腐烂僵尸 30 8 3
D401 90 166 残肢僵尸 30 9 2
D401 90 166 洞蛆 100 10 10
D401 104 102 闪电僵尸 30 5 3
D401 104 102 墓穴僵尸 30 7 3
D401 104 102 土栖僵尸 30 5 3
D401 104 102 腐烂僵尸 30 8 3
D401 104 102 残肢僵尸 30 9 2
D401 104 102 洞蛆 100 10 10
D401 88 39 闪电僵尸 30 5 3
D401 88 39 墓穴僵尸 30 7 3
D401 88 39 土栖僵尸 30 5 3
D401 88 39 腐烂僵尸 30 8 3
D401 88 39 残肢僵尸 30 9 2
D401 88 39 洞蛆 100 10 10
D401 165 38 闪电僵尸 30 5 3
D401 165 38 墓穴僵尸 30 7 3
D401 165 38 土栖僵尸 30 5 3
D401 165 38 腐烂僵尸 30 8 3
D401 165 38 残肢僵尸 30 9 2
D401 165 38 洞蛆 100 10 10
D401 144 106 闪电僵尸 30 5 3
D401 144 106 墓穴僵尸 30 7 3
D401 144 106 土栖僵尸 30 5 3
D401 144 106 腐烂僵尸 30 8 3
D401 144 106 残肢僵尸 30 9 2
D401 144 106 洞蛆 100 10 10
D401 149 154 闪电僵尸 30 5 3
D401 149 154 墓穴僵尸 30 7 3
D401 149 154 土栖僵尸 30 5 3
D401 149 154 腐烂僵尸 30 8 3
D401 149 154 残肢僵尸 30 9 2
D401 100 100 洞蛆 100 20 10
D401 100 100 闪电僵尸 100 30 5
D401 100 100 墓穴僵尸 100 30 5
D401 100 100 土栖僵尸 100 30 5
D401 100 100 腐烂僵尸 100 30 5
D401 100 100 残肢僵尸 100 30 5

D401 100 100 尸王 100 5 15
D401 100 100 尸王 100 5 20
D401 100 100 邪恶尸王 100 5 30
D401 100 100 邪恶尸王 100 1 30

;废矿区东部
D402 100 100 墓穴僵尸 100 75 8
D402 100 100 土栖僵尸 100 75 8
D402 100 100 洞蛆 100 45 8
D402 100 100 墓穴僵尸 100 1 80
D402 100 100 土栖僵尸 100 1 80
;矿区一层
D403 100 100 墓穴僵尸 100 75 8
D403 100 100 土栖僵尸 100 75 8
D403 100 100 残肢僵尸 100 45 8
D403 100 100 墓穴僵尸 100 1 100
D403 100 100 土栖僵尸 100 1 100
D403 100 100 残肢僵尸 100 1 100
;矿区B二层
D404 100 100 闪电僵尸 100 30 8
D404 100 100 尸王 100 1 120
D404 100 100 邪恶尸王 100 1 180
D404 100 100 闪电僵尸 100 1 100
D404 100 100 土栖僵尸 100 1 100
D404 100 100 腐烂僵尸 100 1 100
;矿物回收站
D405 100 100 闪电僵尸 100 15 8
D405 100 100 尸王 100 1 120
D405 100 100 邪恶尸王 100 1 180
D405 100 100 闪电僵尸 100 1 100
;废矿区南部
D406 100 100 腐烂僵尸 100 75 8
D406 100 100 闪电僵尸 100 30 8
D406 100 100 残肢僵尸 100 45 8
D406 100 100 墓穴僵尸 100 30 8
D406 100 100 尸王 100 1 120
D406 100 100 邪恶尸王 100 1 180
D406 100 100 腐烂僵尸 100 1 100
D406 100 100 闪电僵尸 100 1 100
D406 100 100 残肢僵尸 100 1 100
D406 100 100 墓穴僵尸 100 1 100
;矿区A一层
D411 50 50 墓穴僵尸 50 40 9
D411 50 50 墓穴僵尸 50 1 60
;桥
D413 50 50 土栖僵尸 50 40 9
D413 50 50 土栖僵尸 50 1 60
;桥
D412 50 50 腐烂僵尸 50 40 9
D412 50 50 腐烂僵尸 50 1 60
;桥
D416 50 50 残肢僵尸 50 40 9
D416 50 50 残肢僵尸 50 1 60
;桥
D415 50 50 残肢僵尸 50 40 9
D415 50 50 残肢僵尸 50 1 60
;尸王殿
Q004 15 15 邪恶尸王 5 28 60
Q004 15 15 尸王 5 2 60

;山谷矿区一层
D421 200 200 墓穴僵尸 180 150 8
D421 200 200 土栖僵尸 180 150 8
D421 200 200 腐烂僵尸 180 150 8
D421 100 100 尸王 100 1 120
D421 100 100 邪恶尸王 100 1 180
D421 200 200 墓穴僵尸 180 1 100
D421 200 200 土栖僵尸 180 1 100
D421 200 200 腐烂僵尸 180 1 100
;山谷矿区二层
D422 200 200 闪电僵尸 180 75 8
D422 100 100 尸王 100 1 120
D422 100 100 邪恶尸王 100 1 180
D422 200 200 闪电僵尸 180 1 100
D422 200 200 墓穴僵尸 180 1 100
D422 200 200 腐烂僵尸 180 1 100
D422 200 200 残肢僵尸 180 1 100

;连接通道
E601 75 75 闪电僵尸 75 50 23
E601 75 75 墓穴僵尸 75 40 23
E601 75 75 土栖僵尸 75 40 23
E601 75 75 腐烂僵尸 75 40 23
E601 75 75 残肢僵尸 75 40 23
;特殊
E601 75 75 闪电僵尸 75 2 30
E601 75 75 墓穴僵尸 75 2 30
E601 75 75 土栖僵尸 75 2 30
E601 75 75 墓穴僵尸 75 2 30
E601 75 75 残肢僵尸 75 2 30
;连接通道
E602 75 75 闪电僵尸 75 40 23
E602 75 75 墓穴僵尸 75 35 23
E602 75 75 土栖僵尸 75 35 23
E602 75 75 腐烂僵尸 75 35 23
E602 75 75 残肢僵尸 75 35 23
E602 75 75 蜈蚣 75 35 23
E602 75 75 黑色恶蛆 75 35 23
E602 75 75 跳跳蜂 75 35 23
E602 75 75 钳虫 75 35 23
;特殊
E602 75 75 闪电僵尸 75 2 30
E602 75 75 墓穴僵尸 75 2 30
E602 75 75 蜈蚣0 75 2 30
E602 75 75 跳跳蜂0 75 2 30
E602 75 75 钳虫0 75 2 30
;连接通道
E603 100 100 闪电僵尸 100 40 23
E603 100 100 墓穴僵尸 100 30 23
E603 100 100 土栖僵尸 100 30 23
E603 100 100 腐烂僵尸 100 30 23
E603 100 100 残肢僵尸 100 30 23
E603 100 100 蜈蚣 100 30 23
E603 100 100 黑色恶蛆 100 40 23
E603 100 100 跳跳蜂 100 40 23
E603 100 100 钳虫 100 40 23
;特殊
E603 100 100 闪电僵尸0 100 2 30
E603 100 100 墓穴僵尸0 100 2 30
E603 100 100 蜈蚣0 100 2 30
E603 100 100 跳跳蜂0 100 2 30
E603 100 100 黑色恶蛆0 100 2 60
E603 100 100 钳虫0 100 2 30
;连接通道
E604 75 75 闪电僵尸 75 30 23
E604 75 75 墓穴僵尸 75 20 23
E604 75 75 土栖僵尸 75 20 23
E604 75 75 腐烂僵尸 75 20 23
E604 75 75 残肢僵尸 75 20 23
E604 75 75 蜈蚣 75 40 23
E604 75 75 黑色恶蛆 75 40 23
E604 75 75 跳跳蜂 75 40 23
E604 75 75 钳虫 75 40 23
;特殊
E604 75 75 闪电僵尸0 75 2 30
E604 75 75 墓穴僵尸0 75 2 30
E604 75 75 蜈蚣0 75 2 30
E604 75 75 跳跳蜂0 75 2 30
E604 75 75 钳虫0 75 2 30
;连接通道
E605 50 50 蜈蚣 50 40 23
E605 50 50 黑色恶蛆 50 40 23
E605 50 50 跳跳蜂 50 40 23
E605 50 50 钳虫 50 40 23
;特殊
E605 50 50 蜈蚣0 50 2 30
E605 50 50 跳跳蜂0 50 2 30
E605 50 50 黑色恶蛆0 50 2 30
E605 50 50 钳虫0 50 2 30

;沃玛寺庙入口
D021 50 44 山洞蝙蝠 60 40 20
D021 50 44 山洞蝙蝠 60 10 20 100
D021 50 44 山洞蝙蝠 60 10 20 100
D021 50 44 山洞蝙蝠 60 10 20 100
D021 50 44 山洞蝙蝠 60 10 20 100
D021 50 44 山洞蝙蝠 60 10 20 100
D021 50 44 山洞蝙蝠 60 10 20 100
D021 50 44 山洞蝙蝠 60 10 20 100
D021 50 44 山洞蝙蝠 60 10 20 100
D021 50 44 洞蛆 60 30 20
D021 50 44 山洞蝙蝠0 60 2 10
;沃玛寺庙一层
D022 250 250 粪虫 250 120 9
D022 250 250 沃玛战士 250 140 9
D022 250 250 沃玛勇士 250 90 9
D022 250 250 沃玛战将 250 90 9
D022 250 250 火焰沃玛 250 60 9
D022 200 200 沃玛卫士 200 2 120
D022 250 250 山洞蝙蝠 250 10 9 100
D022 250 250 山洞蝙蝠 250 10 9 100
D022 250 250 山洞蝙蝠 250 10 9 100
D022 250 250 山洞蝙蝠 250 10 9 100
D022 250 250 山洞蝙蝠 250 10 9 100
D022 250 250 山洞蝙蝠 250 10 9 100
D022 250 250 山洞蝙蝠 250 10 9 100
D022 250 250 山洞蝙蝠 250 10 9 100
;特殊
D022 250 250 沃玛战士0 250 2 10
D022 250 250 沃玛勇士0 250 2 10
D022 250 250 沃玛战将0 250 2 10 
D022 250 250 火焰沃玛0 250 2 10
D022 250 250 山洞蝙蝠0 250 2 10
D022 250 250 山洞蝙蝠0 250 2 10
;沃玛寺庙二层
D023 200 200 暗黑战士 200 100 9
D023 200 200 粪虫 200 60 9
D023 200 200 沃玛战士 200 80 9
D023 200 200 沃玛勇士 200 120 9
D023 200 200 沃玛战将 200 120 9
D023 200 200 火焰沃玛 200 80 9
D023 200 200 沃玛卫士 200 2 60
D023 200 200 山洞蝙蝠 200 20 9 100
D023 200 200 山洞蝙蝠 200 20 9 100
D023 200 200 山洞蝙蝠 200 20 9 100
D023 200 200 山洞蝙蝠 200 30 9
;特殊
D023 200 200 暗黑战士0 200 2 10
D023 200 200 沃玛战士0 200 2 10
D023 200 200 沃玛勇士0 200 2 10
D023 200 200 沃玛战将0 200 2 10
D023 200 200 火焰沃玛0 200 2 10
D023 200 200 山洞蝙蝠0 200 2 10

;沃玛教主大殿
D024 40 40 沃玛勇士 20 6 5 50
D024 40 40 沃玛战将 20 6 5 50
D024 40 40 火焰沃玛 20 6 5 50
D024 50 50 暗黑战士 20 5 5 50
D024 60 60 沃玛勇士 20 3 5 50
D024 50 40 沃玛战将 20 3 5
D024 50 40 火焰沃玛 20 3 5
D024 50 40 暗黑战士 20 5 5
D024 60 50 暗黑战士 20 5 5
D024 50 60 沃玛勇士 20 3 5
D024 50 60 沃玛战将 20 3 5
D024 20 21 沃玛勇士 7 5 5
D024 20 21 沃玛战将 7 5 5
D024 20 21 火焰沃玛 7 5 5
D024 20 21 暗黑战士 7 8 5
;特殊
D024 42 49 暗黑战士0 30 2 10
D024 42 49 沃玛勇士0 30 2 15
D024 42 49 沃玛战将0 30 2 15
D024 42 49 火焰沃玛0 30 2 15
D024 50 50 沃玛卫士 30 2 60
D024 50 50 沃玛教主 1 1 240

;祖玛寺庙一层
D501 200 200 楔蛾 100 20 8
D501 100 300 楔蛾 100 20 8
D501 300 100 楔蛾 100 20 8
D501 100 100 楔蛾 100 20 8
D501 300 300 楔蛾 100 20 8
D501 200 200 角蝇 100 3 8
D501 100 300 角蝇 100 3 8
D501 300 100 角蝇 100 3 8
D501 100 100 角蝇 100 3 8
D501 300 300 角蝇 100 3 8
D501 200 200 大老鼠 100 20 8
D501 100 660 大老鼠 100 20 8
D501 660 100 大老鼠 100 20 8
D501 100 100 大老鼠 100 20 8
D501 660 660 大老鼠 100 20 8
;特殊
D501 200 200 大老鼠0 200 6 10
;祖玛寺庙二层
D502 200 200 大老鼠 100 30 8
D502 100 300 大老鼠 100 30 8
D502 300 100 大老鼠 100 30 8
D502 100 100 大老鼠 100 30 8
D502 300 300 大老鼠 100 30 8
D502 200 200 角蝇 100 3 8
D502 100 300 角蝇 100 3 8
D502 300 100 角蝇 100 3 8
D502 100 100 角蝇 100 3 8
D502 300 300 角蝇 100 3 8
D502 200 200 楔蛾 100 30 8
D502 100 300 楔蛾 100 30 8
D502 300 100 楔蛾 100 30 8
D502 100 100 楔蛾 100 30 8
D502 300 300 楔蛾 100 30 8
;特殊
D502 200 200 大老鼠0 200 6 10
;祖玛寺庙三层
D503 200 200 角蝇 100 3 8
D503 100 300 角蝇 100 3 8
D503 300 100 角蝇 100 3 8
D503 100 100 角蝇 100 3 8
D503 300 300 角蝇 100 3 8
D503 200 200 祖玛弓箭手 100 16 8
D503 100 300 祖玛弓箭手 100 16 8
D503 300 100 祖玛弓箭手 100 16 8
D503 100 100 祖玛弓箭手 100 16 8
D503 300 300 祖玛弓箭手 100 16 8
D503 200 200 祖玛雕像 100 16 8
D503 100 300 祖玛雕像 100 16 8
D503 300 100 祖玛雕像 100 16 8
D503 100 100 祖玛雕像 100 16 8
D503 300 300 祖玛雕像 100 16 8
D503 200 200 祖玛卫士 100 16 8
D503 100 300 祖玛卫士 100 16 8
D503 300 100 祖玛卫士 100 16 8
D503 100 100 祖玛卫士 100 16 8
D503 300 300 祖玛卫士 100 16 8
D503 200 200 楔蛾 100 16 8
D503 100 300 楔蛾 100 16 8
D503 300 100 楔蛾 100 16 8
D503 100 100 楔蛾 100 16 8
D503 300 300 楔蛾 100 16 8
D503 200 200 大老鼠 200 80 10
;特殊
D503 200 200 祖玛弓箭手0 200 2 15
D503 200 200 祖玛卫士0 200 2 15
D503 200 200 祖玛雕像0 200 2 15
D503 200 200 大老鼠0 200 2 10
D503 200 200 祖玛雕像3 200 2 20
D503 200 200 祖玛卫士3 200 2 20
D503 200 200 祖玛弓箭手3 200 2 20
;祖玛寺庙四层
D504 200 200 祖玛弓箭手 180 100 8
D504 200 200 祖玛雕像 180 100 8
D504 200 200 祖玛卫士 180 100 8
D504 200 200 楔蛾 180 100 8
D504 200 200 角蝇 100 3 8
D504 100 300 角蝇 100 3 8
D504 300 100 角蝇 100 3 8
D504 100 100 角蝇 100 3 8
D504 300 300 角蝇 100 3 8
D504 200 200 大老鼠 200 100 10
;特殊
D504 200 200 祖玛弓箭手0 200 2 20
D504 200 200 祖玛卫士0 200 2 20
D504 200 200 祖玛雕像0 200 2 20
D504 200 200 大老鼠0 200 2 10
D504 200 200 祖玛雕像3 200 4 20
D504 200 200 祖玛卫士3 200 4 20
D504 200 200 祖玛弓箭手3 200 4 20
;祖玛寺庙五层
D505 100 100 祖玛弓箭手 100 100 10
D505 100 100 祖玛雕像 100 100 10
D505 100 100 祖玛卫士 100 100 10
D505 100 100 楔蛾 100 100 10
D505 100 100 角蝇 100 30 10
;特殊
D505 100 100 祖玛雕像3 100 3 20
D505 100 100 祖玛卫士3 100 3 20
D505 100 100 祖玛弓箭手3 100 3 20
D505 100 100 祖玛弓箭手0 100 2 20
D505 100 100 祖玛卫士0 100 2 20
D505 100 100 祖玛雕像0 100 2 20
D505 154 172 祖玛卫士00 8 1 30 50
D505 154 172 祖玛卫士 8 7 60 50
D505 154 172 楔蛾 8 8 60 50
D505 154 172 祖玛弓箭手 8 8 60 50
D505 154 172 角蝇 8 10 60 50
D505 154 172 祖玛雕像 8 8 60 50

;祖玛阁
D5061 11 13 祖玛弓箭手 2 1 3
D5061 11 13 祖玛卫士 2 1 3
D5061 11 13 楔蛾 2 12 5
D5061 11 13 角蝇 2 1 5
D5061 37 13 祖玛雕像 2 1 3
D5061 37 13 祖玛弓箭手 2 1 3
D5061 37 13 祖玛卫士 2 1 3
D5061 37 13 楔蛾 2 12 5
D5061 37 13 楔蛾 2 1 5
D5061 63 13 祖玛雕像 2 1 3
D5061 63 13 祖玛卫士 2 1 3
D5061 63 13 楔蛾 2 2 5
D5061 63 13 楔蛾 2 5 5
D5061 89 41 楔蛾 2 1 5
D5061 89 41 祖玛弓箭手 2 1 3
D5061 12 74 祖玛雕像 2 1 3
D5061 12 74 祖玛卫士 2 1 3
D5061 12 74 楔蛾 2 2 5
D5061 12 74 楔蛾 2 1 5
D5061 12 74 祖玛弓箭手 2 1 3
D5061 37 73 祖玛雕像 2 1 3
D5061 37 73 祖玛卫士 2 1 3
D5061 37 73 楔蛾 2 2 5
 
D5062 63 13 祖玛卫士 2 1 3
D5062 63 13 楔蛾 2 2 5
D5062 63 13 楔蛾 2 2 5
D5062 63 13 祖玛弓箭手 2 1 3
D5062 88 14 祖玛雕像 2 1 3
D5062 88 14 祖玛卫士 2 1 3
D5062 88 14 楔蛾 2 2 5
D5062 87 73 祖玛弓箭手 2 2 3
D5062 50 50 祖玛雕像0 50 1 120
D5062 50 50 祖玛卫士0 50 1 120
D5062 50 50 祖玛弓箭手0 50 1 120

D5063 11 13 祖玛雕像 2 1 3
D5063 11 13 祖玛弓箭手 2 1 3
D5063 11 13 祖玛卫士 2 1 3
D5063 11 13 楔蛾 2 2 5
D5063 11 13 楔蛾 2 1 5
D5063 11 41 祖玛弓箭手 2 1 3
D5063 37 41 祖玛卫士 2 1 3
D5063 37 41 祖玛雕像 2 1 3
D5063 37 41 楔蛾 2 2 5
D5063 37 41 角蝇 2 1 5
D5063 37 41 祖玛卫士 2 1 3
D5063 63 41 祖玛雕像 2 1 3

D5064 11 13 祖玛雕像 2 1 3
D5064 11 13 祖玛弓箭手 2 1 3
D5064 11 13 祖玛卫士 2 1 3
D5064 11 13 楔蛾 2 2 5
D5064 11 13 楔蛾 2 1 5
D5064 37 13 祖玛雕像 2 1 3
D5064 37 13 祖玛弓箭手 2 1 3
D5064 37 41 楔蛾 2 2 5
D5064 37 41 角蝇 2 1 5
D5064 37 41 祖玛卫士 2 1 3
D5064 63 41 祖玛雕像 2 1 3
D5064 63 41 楔蛾 2 2 5
D5064 63 41 楔蛾 2 1 5
D5064 63 41 祖玛弓箭手 2 1 3
D5064 63 41 祖玛卫士 2 1 3
D5064 50 50 祖玛卫士0 50 1 120
D5064 50 50 祖玛弓箭手0 50 1 120

D5065 11 13 祖玛雕像 2 1 3
D5065 11 13 祖玛弓箭手 2 1 3
D5065 87 73 楔蛾 2 2 5
D5065 87 73 楔蛾 2 1 5
D5065 87 73 祖玛弓箭手 2 1 3
D5065 50 50 祖玛雕像0 50 1 120
D5065 50 50 祖玛卫士0 50 1 120
D5065 50 50 祖玛弓箭手0 50 1 120

D5066 11 13 祖玛雕像 2 1 3
D5066 11 13 祖玛弓箭手 2 1 3
D5066 89 41 祖玛弓箭手 2 1 3
D5066 12 74 祖玛雕像 2 1 3
D5066 12 74 祖玛卫士 2 1 3
D5066 12 74 祖玛卫士0 2 1 45
D5066 12 74 楔蛾 2 2 5
D5066 12 74 楔蛾 2 1 5
D5066 12 74 祖玛弓箭手 2 1 3
D5066 37 73 祖玛雕像 2 1 3
D5066 37 73 祖玛卫士 2 1 3
D5066 37 73 楔蛾 2 2 5
D5066 37 73 角蝇 2 1 5
D5066 37 73 祖玛弓箭手 2 1 3
D5066 63 73 祖玛雕像 2 1 3

D5067 12 74 楔蛾 2 2 5
D5067 12 74 角蝇 2 1 5
D5067 12 74 祖玛弓箭手 2 1 3
D5067 37 73 祖玛雕像 2 1 3
D5067 37 73 祖玛卫士 2 1 3
D5067 37 73 楔蛾 2 2 5
D5067 37 73 角蝇 2 1 5
D5067 37 73 祖玛弓箭手 2 1 3
D5067 63 73 祖玛雕像 2 1 3

D5068 63 41 祖玛弓箭手 2 1 3
D5068 89 41 祖玛雕像 2 1 3
D5068 63 41 祖玛卫士 2 1 3
D5068 89 41 祖玛卫士 2 1 3
D5068 87 73 祖玛卫士 2 1 3
D5068 87 73 楔蛾 2 2 5
D5068 87 73 角蝇 2 1 5
D5068 87 73 祖玛弓箭手 2 1 3
D5068 50 50 祖玛雕像0 50 1 120
D5068 50 50 祖玛卫士0 50 1 120
D5068 50 50 祖玛弓箭手0 50 1 120

D5069 11 13 祖玛雕像 2 1 3
D5069 11 13 祖玛弓箭手 2 1 3
D5069 11 13 祖玛卫士 2 1 3
D5069 11 13 楔蛾 2 2 5
D5069 11 13 角蝇 2 1 5
D5069 12 74 角蝇 2 1 5
D5069 12 74 祖玛弓箭手 2 1 3
D5069 37 73 祖玛雕像 2 1 3
D5069 37 73 祖玛卫士 2 1 3
;祖玛七层一
D5072 50 50 祖玛雕像 50 45 8
D5072 50 50 祖玛卫士 50 45 8
D5072 50 50 祖玛弓箭手 50 45 8
D5072 50 50 楔蛾 50 45 8
D5072 50 50 角蝇 50 5 8
;特殊
D5072 50 50 祖玛雕像3 50 10 60
D5072 50 50 祖玛卫士3 50 10 60
D5072 50 50 祖玛弓箭手3 50 10 60
;祖玛七层二
D5073 50 50 祖玛雕像 50 45 8
D5073 50 50 祖玛卫士 50 45 8
D5073 50 50 祖玛弓箭手 50 45 8
D5073 50 50 楔蛾 50 45 8
D5073 50 50 角蝇 50 5 8
;特殊
D5073 50 50 祖玛雕像3 50 10 60
D5073 50 50 祖玛卫士3 50 10 60
D5073 50 50 祖玛弓箭手3 50 10 60
D5073 50 50 祖玛雕像0 50 2 60
D5073 50 50 祖玛卫士0 50 2 60
D5073 50 50 祖玛弓箭手0 50 2 60
;祖玛七层三
D5074 50 50 祖玛雕像 50 45 8
D5074 50 50 祖玛卫士 50 45 8
D5074 50 50 祖玛弓箭手 50 45 8
D5074 50 50 楔蛾 50 45 8
D5074 50 50 角蝇 50 5 8
D5074 73 22 祖玛雕像 7 5 11
D5074 73 22 祖玛卫士 7 5 11
D5074 73 22 祖玛弓箭手 7 5 11
D5074 73 22 楔蛾 7 5 11
D5074 73 22 角蝇 7 3 11
;特殊
D5074 50 50 祖玛雕像3 50 10 60
D5074 50 50 祖玛卫士3 50 10 60
D5074 50 50 祖玛弓箭手3 50 10 60
D5074 50 50 祖玛雕像0 50 2 30
D5074 50 50 祖玛卫士0 50 2 30
D5074 50 50 祖玛弓箭手0 50 2 30
D5074 50 50 祖玛雕像0 50 2 30
D5074 50 50 祖玛卫士0 50 2 30
D5074 50 50 祖玛弓箭手0 50 2 30
;祖玛教主之家
D515 22 20 角蝇 20 2 16
D515 73 22 楔蛾 7 6 11
D515 19 24 祖玛教主 0 1 180

;地牢一层东
D601 40 27 蜈蚣 50 25 6
D601 18 166 蜈蚣 50 25 6
D601 161 208 蜈蚣 50 25 6
D601 84 104 蜈蚣 50 25 6
D601 187 36 蜈蚣 50 25 6
D601 144 73 蜈蚣 50 25 6
D601 100 100 蜈蚣 100 10 10 50
D601 100 100 蜈蚣 100 10 10 50
D601 40 27 跳跳蜂 50 25 6
D601 18 166 跳跳蜂 50 25 6
D601 161 208 跳跳蜂 50 25 6
D601 84 104 巨型蠕虫 50 25 6
D601 187 36 巨型蠕虫 50 25 6
D601 144 73 巨型蠕虫 50 25 6
D601 40 27 黑色恶蛆 50 5 6
D601 18 166 黑色恶蛆 50 5 6
D601 161 208 黑色恶蛆 50 5 6
D601 84 104 黑色恶蛆 50 5 6
D601 187 36 黑色恶蛆 50 5 6
D601 144 73 黑色恶蛆 50 5 6
;特殊
D601 100 100 蜈蚣0 100 2 10
D601 100 100 跳跳蜂0 100 2 10
D601 100 100 巨型蠕虫0 100 2 10
D601 100 100 黑色恶蛆0 100 2 10

;地牢一层西
D602 60 47 蜈蚣 60 18 6
D602 101 101 蜈蚣 60 18 6
D602 78 167 蜈蚣 60 18 6
D602 144 151 蜈蚣 60 18 6
D602 178 43 蜈蚣 60 18 6
D602 100 100 蜈蚣 100 10 10 50
D602 100 100 蜈蚣 100 10 10 50
D602 60 47 钳虫 60 14 6
D602 101 101 钳虫 60 14 6
D602 78 167 钳虫 60 14 6
D602 144 151 钳虫 60 14 6
D602 178 43 钳虫 60 14 6
D602 100 100 钳虫 100 10 10 50
D602 100 100 钳虫 100 10 10 50
D602 60 47 黑色恶蛆 60 8 6
D602 101 101 黑色恶蛆 60 8 6
D602 78 167 黑色恶蛆 60 8 6
D602 144 151 黑色恶蛆 60 8 6
D602 178 43 黑色恶蛆 60 8 6
;特殊
D602 100 100 蜈蚣0 100 2 10
D602 100 100 钳虫0 100 2 10
D602 100 100 黑色恶蛆0 100 2 10
;地牢一层北
D603 76 94 黑色恶蛆 60 10 7
D603 60 150 黑色恶蛆 60 10 7
D603 159 59 黑色恶蛆 60 10 7
D603 138 161 黑色恶蛆 60 10 7
D603 76 94 钳虫 60 20 7
D603 60 150 钳虫 60 20 7
D603 159 59 钳虫 60 20 7
D603 138 161 钳虫 60 20 7
D603 76 94 蜈蚣 60 20 7
D603 60 150 蜈蚣 60 20 7
D603 159 59 蜈蚣 60 20 7
D603 138 161 蜈蚣 60 20 7
D603 100 100 蜈蚣 100 10 10 50
D603 100 100 蜈蚣 100 10 10 50
D603 100 100 钳虫 100 10 10 50
D603 100 100 钳虫 100 10 10 50
D603 100 100 邪恶钳虫 100 1 90
;特殊
D603 100 100 黑色恶蛆0 100 2 20
D603 100 100 钳虫0 100 2 20
D603 100 100 蜈蚣0 100 2 20
;地牢一层西
D604 35 42 黑色恶蛆 60 15 7
D604 52 130 黑色恶蛆 60 15 7
D604 148 50 黑色恶蛆 60 15 7
D604 118 112 黑色恶蛆 60 15 7
D604 35 42 跳跳蜂 60 15 7
D604 52 130 跳跳蜂 60 15 7
D604 148 50 跳跳蜂 60 15 7
D604 118 112 跳跳蜂 60 15 7
D604 35 42 钳虫 60 20 7
D604 52 130 钳虫 60 20 7
D604 148 50 钳虫 60 20 7
D604 118 112 钳虫 60 20 7
D604 35 42 蜈蚣 60 20 7
D604 52 130 蜈蚣 60 20 7
D604 148 50 蜈蚣 60 20 7
D604 118 112 蜈蚣 60 20 7
D604 100 100 钳虫 100 10 10 50
D604 100 100 钳虫 100 10 10 50
D604 100 100 蜈蚣 100 10 10 50
D604 100 100 蜈蚣 100 10 10 50
D604 100 100 邪恶钳虫 100 1 90
;特殊
D604 100 100 黑色恶蛆0 100 2 20
D604 100 100 跳跳蜂0 100 2 20
D604 100 100 钳虫0 100 2 20
D604 100 100 蜈蚣0 100 2 20
;地牢一层北
D605 55 27 黑色恶蛆 50 12 7
D605 89 81 黑色恶蛆 50 12 7
D605 51 131 黑色恶蛆 50 12 7
D605 126 37 黑色恶蛆 50 12 7
D605 162 92 黑色恶蛆 50 12 7
D605 55 27 巨型蠕虫 50 8 7
D605 89 81 巨型蠕虫 50 8 7
D605 51 131 巨型蠕虫 50 8 7
D605 126 37 巨型蠕虫 50 8 7
D605 162 92 巨型蠕虫 50 8 7
D605 55 27 钳虫 50 12 7
D605 89 81 钳虫 50 12 7
D605 51 131 钳虫 50 12 7
D605 126 37 钳虫 50 12 7
D605 162 92 钳虫 50 12 7
D605 55 27 蜈蚣 50 12 7
D605 89 81 蜈蚣 50 12 7
D605 51 131 蜈蚣 50 12 7
D605 126 37 蜈蚣 50 12 7
D605 162 92 蜈蚣 50 12 7
D605 100 100 钳虫 100 10 10 50
D605 100 100 钳虫 100 10 10 50
D605 100 100 蜈蚣 100 10 10 50
D605 100 100 蜈蚣 100 10 10 50
D605 100 100 邪恶钳虫 100 1 90
;特殊
D605 100 100 黑色恶蛆0 100 2 20
D605 100 100 巨型蠕虫0 100 2 20
D605 100 100 钳虫0 100 2 20
D605 100 100 蜈蚣0 100 2 20
;死亡棺材
D606 19 39 黑色恶蛆 70 20 7
D606 97 81 黑色恶蛆 70 20 7
D606 57 166 黑色恶蛆 70 20 7
D606 178 127 黑色恶蛆 70 20 7
D606 19 39 跳跳蜂 70 8 7
D606 97 81 跳跳蜂 70 8 7
D606 57 166 跳跳蜂 70 8 7
D606 178 127 跳跳蜂 70 8 7
D606 19 39 巨型蠕虫 70 8 7
D606 97 81 巨型蠕虫 70 8 7
D606 57 166 巨型蠕虫 70 8 7
D606 178 127 巨型蠕虫 70 8 7
D606 19 39 钳虫 70 20 7
D606 97 81 钳虫 70 20 7
D606 57 166 钳虫 70 20 7
D606 178 127 钳虫 70 20 7
D606 100 100 钳虫 100 10 10 50
D606 100 100 钳虫 100 10 10 50
D606 100 100 蜈蚣 100 80 7
D606 100 100 蜈蚣 100 10 10 50
D606 100 100 蜈蚣 100 10 10 50
D606 100 100 邪恶钳虫 100 2 90
;特殊
D606 100 100 蜈蚣0 50 2 20
D606 100 100 跳跳蜂0 50 2 20
D606 100 100 巨型蠕虫0 50 2 20
D606 100 100 钳虫0 50 2 20
D606 83 168 触龙神 40 1 60
D606 77 170 蜈蚣 6 3 5 40

;黑暗地带
D612 70 76 黑色恶蛆 70 20 7
D612 210 72 黑色恶蛆 70 20 7
D612 79 220 黑色恶蛆 70 20 7
D612 200 213 黑色恶蛆 70 20 7
D612 70 76 跳跳蜂 70 10 7
D612 210 72 跳跳蜂 70 10 7
D612 79 220 跳跳蜂 70 10 7
D612 200 213 跳跳蜂 70 10 7
D612 70 76 跳跳蜂 70 10 7
D612 70 76 巨型蠕虫 70 20 7
D612 210 72 巨型蠕虫 70 20 7
D612 79 220 巨型蠕虫 70 20 7
D612 200 213 巨型蠕虫 70 20 7
D612 70 76 钳虫 70 20 7
D612 210 72 钳虫 70 20 7
D612 79 220 钳虫 70 20 7
D612 200 213 钳虫 70 20 7
D612 150 134 钳虫 70 20 7
D612 19 39 钳虫 70 20 7
D612 97 81 钳虫 70 20 7
D612 57 166 钳虫 70 20 7
D612 178 127 钳虫 70 20 7
D612 150 150 钳虫 100 10 10 
D612 150 150 钳虫 100 10 10
D612 150 150 蜈蚣 100 10 10 
D612 150 150 蜈蚣 100 10 10 
;特殊
D612 150 150 邪恶钳虫 150 1 60
D612 150 150 邪恶钳虫2 150 1 30
;一线天
D618 150 150 蜈蚣0 100 2 20
D618 150 150 跳跳蜂0 100 2 20
D618 150 150 巨型蠕虫0 100 2 20
D618 150 150 钳虫0 100 2 20
D618 150 150 黑色恶蛆0 100 2 20
D618 19 39 黑色恶蛆 70 20 7
D618 97 81 黑色恶蛆 70 20 7
D618 57 166 黑色恶蛆 70 20 7
D618 178 127 黑色恶蛆 70 20 7
D618 19 39 跳跳蜂 70 8 7
D618 97 81 跳跳蜂 70 8 7
D618 57 166 跳跳蜂 70 8 7
D618 178 127 跳跳蜂 70 8 7
D618 19 39 巨型蠕虫 70 8 7
D618 97 81 巨型蠕虫 70 8 7
D618 57 166 巨型蠕虫 70 8 7
D618 178 127 巨型蠕虫 70 8 7
D618 19 39 钳虫 70 30 7
D618 97 81 钳虫 70 30 7
D618 57 166 钳虫 70 30 7
D618 178 127 钳虫 70 30 7
D618 100 100 钳虫 100 10 10 
D618 100 100 钳虫 100 10 10
D618 100 100 蜈蚣 100 40 7
D618 100 100 蜈蚣 100 10 10 
D618 100 100 蜈蚣 100 10 10 
;特殊
D618 100 100 蜈蚣0 70 2 20
D618 100 100 跳跳蜂0 70 2 20
D618 100 100 巨型蠕虫0 70 2 20
D618 100 100 钳虫0 70 2 20
D618 100 100 黑色恶蛆0 70 2 20
D618 100 100 邪恶钳虫 100 2 30
D618 100 100 邪恶钳虫2 100 2 15
;生死之间
D613 19 17 钳虫 50 5 7
D613 41 23 钳虫 50 10 7
D613 52 33 钳虫 50 10 7
D613 64 47 钳虫 50 5 7
D613 79 54 钳虫 50 10 7
D613 77 74 钳虫 50 10 7
D613 53 76 钳虫 50 5 7
D613 44 59 钳虫 50 10 7
D613 28 62 钳虫 50 10 7
D613 18 56 钳虫 50 5 7
D613 50 50 黑色恶蛆 70 10 7
D613 50 50 跳跳蜂 70 10 7
D613 50 50 蜈蚣 70 20 7
D613 50 50 巨型蠕虫 70 10 7
;特殊
D613 50 50 蜈蚣0 70 2 20
D613 50 50 跳跳蜂0 70 2 20
D613 50 50 巨型蠕虫0 70 2 20
D613 50 50 钳虫0 70 2 20
D613 50 50 黑色恶蛆0 70 2 20
D613 50 50 邪恶钳虫2 70 2 15
D613 50 50 邪恶钳虫2 70 2 15
;传奇部落
D614 67 79 黑色恶蛆 50 5 7
D614 53 71 黑色恶蛆 50 10 7
D614 23 82 黑色恶蛆 50 10 7
D614 27 62 黑色恶蛆 50 5 7
D614 18 29 黑色恶蛆 50 10 7
D614 42 22 黑色恶蛆 50 10 7
D614 60 20 黑色恶蛆 50 5 7
D614 77 32 黑色恶蛆 50 10 7
D614 60 48 黑色恶蛆 50 10 7
D614 87 24 黑色恶蛆 50 5 7
D614 50 50 钳虫 70 15 7
D614 50 50 跳跳蜂 70 15 7
D614 50 50 蜈蚣 70 20 7
D614 50 50 巨型蠕虫 70 15 7
;特殊
D614 50 50 蜈蚣0 70 2 20
D614 50 50 跳跳蜂0 70 2 20
D614 50 50 巨型蠕虫0 70 2 20
D614 50 50 钳虫0 70 2 20
D614 50 50 黑色恶蛆0 70 2 20
D614 50 50 邪恶钳虫2 70 2 15
;邪恶势力
D615 82 78 巨型蠕虫 50 5 7
D615 81 54 巨型蠕虫 50 10 7
D615 79 30 巨型蠕虫 50 10 7
D615 60 22 巨型蠕虫 50 5 7
D615 44 16 巨型蠕虫 50 10 7
D615 16 58 巨型蠕虫 50 5 7
D615 17 81 巨型蠕虫 50 10 7
D615 51 55 巨型蠕虫 50 10 7
D615 49 81 巨型蠕虫 50 5 7
D615 50 50 黑色恶蛆 70 15 7
D615 50 50 跳跳蜂 70 15 7
D615 50 50 蜈蚣 70 15 7
D615 50 50 钳虫 70 20 7
;特殊
D615 50 50 蜈蚣0 70 2 20
D615 50 50 跳跳蜂0 70 2 20
D615 50 50 巨型蠕虫0 70 2 20
D615 50 50 钳虫0 70 2 20
D615 50 50 黑色恶蛆0 70 2 20
D615 50 50 邪恶钳虫2 70 2 15
;幽明圣域
D616 20 21 跳跳蜂 50 10 7
D616 23 38 跳跳蜂 50 5 7
D616 25 62 跳跳蜂 50 5 7
D616 11 71 跳跳蜂 50 10 7
D616 62 66 跳跳蜂 50 5 7
D616 59 27 跳跳蜂 50 5 7
D616 77 85 跳跳蜂 50 10 7
D616 83 55 跳跳蜂 50 5 7
D616 73 44 跳跳蜂 50 5 7
D616 82 21 跳跳蜂 50 10 7
D616 50 50 黑色恶蛆 70 15 7
D616 50 50 巨型蠕虫 70 15 7
D616 50 50 蜈蚣 70 15 7
D616 50 50 钳虫 70 20 7
;特殊
D616 50 50 蜈蚣0 70 2 20
D616 50 50 跳跳蜂0 70 2 20
D616 50 50 巨型蠕虫0 70 2 20
D616 50 50 钳虫0 70 2 20
D616 50 50 黑色恶蛆0 70 2 20
D616 50 50 邪恶钳虫2 70 2 15

;恐怖空间
D617 51 45 蜈蚣 50 15 7
D617 28 35 蜈蚣 50 10 7
D617 20 66 蜈蚣 50 15 7
D617 45 81 蜈蚣 50 10 7
D617 69 84 蜈蚣 50 15 7
D617 69 61 蜈蚣 50 10 7
D617 83 42 蜈蚣 50 15 7
D617 80 17 蜈蚣 50 10 7
D617 87 72 蜈蚣 50 15 7
D617 82 21 蜈蚣 50 10 7
D617 50 50 黑色恶蛆 70 15 7
D617 50 50 巨型蠕虫 70 15 7
D617 50 50 跳跳蜂 70 15 7
D617 50 50 钳虫 70 20 7
;特殊
D617 50 50 蜈蚣0 70 2 20
D617 50 50 跳跳蜂0 70 2 20
D617 50 50 巨型蠕虫0 70 2 20
D617 50 50 钳虫0 70 2 20
D617 50 50 黑色恶蛆0 70 2 20
D613 50 50 邪恶钳虫2 70 2 15

;石墓一层
D711 251 41 红野猪 30 7 10
D711 321 72 红野猪 30 7 10
D711 363 146 红野猪 30 7 10
D711 172 59 红野猪 30 7 10
D711 210 93 红野猪 30 7 10
D711 262 140 红野猪 30 7 10
D711 309 19 红野猪 30 7 10
D711 350 303 红野猪 30 7 10
D711 111 105 红野猪 30 7 10
D711 158 149 红野猪 30 7 10
D711 200 200 红野猪 30 7 10
D711 255 306 红野猪 30 7 10
D711 287 286 红野猪 30 7 10
D711 56 158 红野猪 30 7 10
D711 153 237 红野猪 30 7 10
D711 112 250 红野猪 30 7 10
D711 114 314 红野猪 30 7 10
D711 304 340 红野猪 30 7 10
D711 251 41 黑野猪 30 5 10
D711 321 72 黑野猪 30 5 10
D711 363 146 黑野猪 30 5 10
D711 172 59 黑野猪 30 5 10
D711 210 93 黑野猪 30 5 10
D711 262 140 黑野猪 30 5 10
D711 309 19 黑野猪 30 5 10
D711 350 303 黑野猪 30 5 10
D711 111 105 黑野猪 30 5 10
D711 158 149 黑野猪 30 5 10
D711 200 200 黑野猪 30 5 10
D711 255 306 黑野猪 30 5 10
D711 287 286 黑野猪 30 5 10
D711 56 158 黑野猪 30 5 10
D711 153 237 黑野猪 30 5 10
D711 112 250 黑野猪 30 5 10
D711 114 314 黑野猪 30 5 10
D711 304 340 黑野猪 30 5 10
D711 251 41 黑色恶蛆 30 8 10
D711 321 72 黑色恶蛆 30 8 10
D711 363 146 黑色恶蛆 30 8 10
D711 172 59 黑色恶蛆 30 8 10
D711 210 93 黑色恶蛆 30 8 10
D711 262 140 黑色恶蛆 30 8 10
D711 309 19 黑色恶蛆 30 8 10
D711 350 303 黑色恶蛆 30 8 10
D711 111 105 黑色恶蛆 30 8 10
D711 158 149 黑色恶蛆 30 8 10
D711 200 200 黑色恶蛆 30 8 10
D711 255 306 黑色恶蛆 30 8 10
D711 287 286 黑色恶蛆 30 8 10
D711 56 158 黑色恶蛆 30 8 10
D711 153 237 黑色恶蛆 30 8 10
D711 112 250 黑色恶蛆 30 8 10
D711 114 314 黑色恶蛆 30 8 10
D711 304 340 黑色恶蛆 30 8 10
D711 200 200 楔蛾 200 25 10
;特殊 
D711 200 200 红野猪0 200 2 30
D711 200 200 黑野猪0 200 2 30
D711 200 200 黑色恶蛆0 200 2 30
;石墓二层
D712 251 41 红野猪 30 7 10
D712 321 72 红野猪 30 7 10
D712 363 146 红野猪 30 7 10
D712 172 59 红野猪 30 7 10
D712 210 93 红野猪 30 7 10
D712 262 140 红野猪 30 7 10
D712 309 19 红野猪 30 7 10
D712 350 303 红野猪 30 7 10
D712 111 105 红野猪 30 7 10
D712 158 149 红野猪 30 7 10
D712 200 200 红野猪 30 7 10
D712 255 306 红野猪 30 7 10
D712 287 286 红野猪 30 7 10
D712 56 158 红野猪 30 7 10
D712 153 237 红野猪 30 7 10
D712 112 250 红野猪 30 7 10
D712 114 314 红野猪 30 7 10
D712 304 340 红野猪 30 7 10
D712 251 41 黑野猪 30 5 10
D712 321 72 黑野猪 30 5 10
D712 363 146 黑野猪 30 5 10
D712 172 59 黑野猪 30 5 10
D712 210 93 黑野猪 30 5 10
D712 262 140 黑野猪 30 5 10
D712 309 19 黑野猪 30 5 10
D712 350 303 黑野猪 30 5 10
D712 111 105 黑野猪 30 5 10
D712 158 149 黑野猪 30 5 10
D712 200 200 黑野猪 30 5 10
D712 255 306 黑野猪 30 5 10
D712 287 286 黑野猪 30 5 10
D712 56 158 黑野猪 30 5 10
D712 153 237 黑野猪 30 5 10
D712 112 250 黑野猪 30 5 10
D712 114 314 黑野猪 30 5 10
D712 304 340 黑野猪 30 5 10
D712 100 100 黑野猪 100 3 5 50
D712 300 100 黑野猪 100 3 5 50
D712 100 300 黑野猪 100 3 5 50
D712 300 300 黑野猪 100 3 5 50
D712 251 41 黑色恶蛆 30 5 10
D712 321 72 黑色恶蛆 30 5 10
D712 363 146 黑色恶蛆 30 5 10
D712 172 59 黑色恶蛆 30 5 10
D712 210 93 黑色恶蛆 30 5 10
D712 262 140 黑色恶蛆 30 5 10
D712 309 19 黑色恶蛆 30 5 10
D712 350 303 黑色恶蛆 30 5 10
D712 111 105 黑色恶蛆 30 5 10
D712 158 149 黑色恶蛆 30 5 10
D712 200 200 黑色恶蛆 30 5 10
D712 255 306 黑色恶蛆 30 5 10
D712 287 286 黑色恶蛆 30 5 10
D712 56 158 黑色恶蛆 30 5 10
D712 153 237 黑色恶蛆 30 5 10
D712 112 250 黑色恶蛆 30 5 10
D712 114 314 黑色恶蛆 30 5 10
D712 304 340 黑色恶蛆 30 5 10
D712 200 200 楔蛾 200 35 10
;特殊
D712 200 200 红野猪0 200 2 30
D712 200 200 黑野猪0 200 2 30
D712 200 200 黑色恶蛆0 200 2 30
;石墓三层
D713 251 41 红野猪 30 7 10
D713 321 72 红野猪 30 7 10
D713 363 146 红野猪 30 7 10
D713 172 59 红野猪 30 7 10
D713 210 93 红野猪 30 7 10
D713 262 140 红野猪 30 7 10
D713 309 19 红野猪 30 7 10
D713 350 303 红野猪 30 7 10
D713 111 105 红野猪 30 7 10
D713 158 149 红野猪 30 7 10
D713 200 200 红野猪 30 7 10
D713 255 306 红野猪 30 7 10
D713 287 286 红野猪 30 7 10
D713 56 158 红野猪 30 7 10
D713 153 237 红野猪 30 7 10
D713 112 250 红野猪 30 7 10
D713 114 314 红野猪 30 7 10
D713 304 340 红野猪 30 7 10
D713 251 41 黑野猪 30 5 10
D713 321 72 黑野猪 30 5 10
D713 363 146 黑野猪 30 5 10
D713 172 59 黑野猪 30 5 10
D713 210 93 黑野猪 30 5 10
D713 262 140 黑野猪 30 5 10
D713 309 19 黑野猪 30 5 10
D713 350 303 黑野猪 30 5 10
D713 111 105 黑野猪 30 5 10
D713 158 149 黑野猪 30 5 10
D713 200 200 黑野猪 30 5 10
D713 255 306 黑野猪 30 5 10
D713 287 286 黑野猪 30 5 10
D713 56 158 黑野猪 30 5 10
D713 153 237 黑野猪 30 5 10
D713 112 250 黑野猪 30 5 10
D713 114 314 黑野猪 30 5 10
D713 304 340 黑野猪 30 5 10
D713 100 100 黑野猪 100 3 5 50
D713 300 100 黑野猪 100 3 5 50
D713 100 300 黑野猪 100 3 5 50
D713 300 300 黑野猪 100 3 5 50
D713 251 41 黑色恶蛆 30 5 10
D713 321 72 黑色恶蛆 30 5 10
D713 363 146 黑色恶蛆 30 5 10
D713 172 59 黑色恶蛆 30 5 10
D713 210 93 黑色恶蛆 30 5 10
D713 262 140 黑色恶蛆 30 5 10
D713 309 19 黑色恶蛆 30 5 10
D713 350 303 黑色恶蛆 30 5 10
D713 111 105 黑色恶蛆 30 5 10
D713 158 149 黑色恶蛆 30 5 10
D713 200 200 黑色恶蛆 30 5 10
D713 255 306 黑色恶蛆 30 5 10
D713 287 286 黑色恶蛆 30 5 10
D713 56 158 黑色恶蛆 30 5 10
D713 153 237 黑色恶蛆 30 5 10
D713 112 250 黑色恶蛆 30 5 10
D713 114 314 黑色恶蛆 30 5 10
D713 304 340 黑色恶蛆 30 5 10
D713 200 200 楔蛾 200 45 10
D713 100 100 黑色恶蛆 100 5 5 50
D713 300 100 黑色恶蛆 100 5 5 50
D713 100 300 黑色恶蛆 100 5 5 50
D713 300 300 黑色恶蛆 100 5 5 50
D713 200 200 角蝇 200 20 10
D713 200 200 蝎蛇 200 40 10
;特殊
D713 200 200 红野猪0 200 2 30
D713 200 200 黑野猪0 200 2 30
D713 200 200 黑色恶蛆0 200 2 30
D713 200 200 蝎蛇0 200 2 30
D713 200 200 红野猪3 200 10 15
D713 200 200 黑野猪3 200 10 15
D713 200 200 蝎蛇3 200 10 15
;石墓四层
D714 251 41 红野猪 30 7 10
D714 321 72 红野猪 30 7 10
D714 363 146 红野猪 30 7 10
D714 172 59 红野猪 30 7 10
D714 210 93 红野猪 30 7 10
D714 262 140 红野猪 30 7 10
D714 309 19 红野猪 30 7 10
D714 350 303 红野猪 30 7 10
D714 111 105 红野猪 30 7 10
D714 158 149 红野猪 30 7 10
D714 200 200 红野猪 30 7 10
D714 255 306 红野猪 30 7 10
D714 287 286 红野猪 30 7 10
D714 56 158 红野猪 30 7 10
D714 153 237 红野猪 30 7 10
D714 112 250 红野猪 30 7 10
D714 114 314 红野猪 30 7 10
D714 304 340 红野猪 30 7 10
D714 251 41 黑野猪 30 5 10
D714 321 72 黑野猪 30 5 10
D714 363 146 黑野猪 30 5 10
D714 172 59 黑野猪 30 5 10
D714 210 93 黑野猪 30 5 10
D714 262 140 黑野猪 30 5 10
D714 309 19 黑野猪 30 5 10
D714 350 303 黑野猪 30 5 10
D714 111 105 黑野猪 30 5 10
D714 158 149 黑野猪 30 5 10
D714 200 200 黑野猪 30 5 10
D714 255 306 黑野猪 30 5 10
D714 287 286 黑野猪 30 5 10
D714 56 158 黑野猪 30 5 10
D714 153 237 黑野猪 30 5 10
D714 112 250 黑野猪 30 5 10
D714 114 314 黑野猪 30 5 10
D714 304 340 黑野猪 30 5 10
D714 100 100 黑野猪 100 3 5 50
D714 300 100 黑野猪 100 3 5 50
D714 100 300 黑野猪 100 3 5 50
D714 300 300 黑野猪 100 3 5 50
D714 251 41 黑色恶蛆 30 5 10
D714 321 72 黑色恶蛆 30 5 10
D714 363 146 黑色恶蛆 30 5 10
D714 172 59 黑色恶蛆 30 5 10
D714 210 93 黑色恶蛆 30 5 10
D714 262 140 黑色恶蛆 30 5 10
D714 309 19 黑色恶蛆 30 5 10
D714 350 303 黑色恶蛆 30 5 10
D714 111 105 黑色恶蛆 30 5 10
D714 158 149 黑色恶蛆 30 5 10
D714 200 200 黑色恶蛆 30 5 10
D714 255 306 黑色恶蛆 30 5 10
D714 287 286 黑色恶蛆 30 5 10
D714 56 158 黑色恶蛆 30 5 10
D714 153 237 黑色恶蛆 30 5 10
D714 112 250 黑色恶蛆 30 5 10
D714 114 314 黑色恶蛆 30 5 10
D714 304 340 黑色恶蛆 30 5 10
D714 100 100 蝎蛇 100 3 5 50
D714 300 100 蝎蛇 100 3 5 50
D714 100 300 蝎蛇 100 3 5 50
D714 300 300 蝎蛇 100 3 5 50
D714 200 200 蝎蛇 200 50 10
D714 200 200 楔蛾 200 55 10
D714 200 200 白野猪 200 3 120
D714 200 200 角蝇 200 20 10
;特殊
D714 200 200 红野猪0 200 2 15
D714 200 200 黑野猪0 200 2 15
D714 200 200 黑色恶蛆0 200 2 15
D714 200 200 蝎蛇0 200 2 15
D714 200 200 红野猪3 200 15 30
D714 200 200 黑野猪3 200 15 30
D714 200 200 蝎蛇3 200 15 30
;石墓五层
D715 200 200 红野猪 200 100 10
D715 200 200 楔蛾 200 100 10
D715 200 200 蝎蛇 200 100 10
D715 200 200 黑野猪 200 100 10
D715 200 200 黑色恶蛆 200 100 10
D715 200 200 角蝇 200 30 10
;特殊
D715 200 200 红野猪0 200 2 30
D715 200 200 黑野猪0 200 2 30
D715 200 200 黑色恶蛆0 200 2 30
D715 200 200 蝎蛇0 200 2 30
D715 200 200 红野猪3 200 20 15
D715 200 200 黑野猪3 200 20 15
D715 200 200 蝎蛇3 200 20 15
D715 200 200 白野猪 200 1 120
;石墓六层
D716 25 25 红野猪 25 5 10
D716 25 25 黑野猪 25 5 10
D716 25 25 楔蛾 25 8 10
D716 25 25 蝎蛇 25 5 10
D716 25 25 黑色恶蛆 25 8 10
D716 25 25 角蝇 25 5 10
D716 25 25 黑野猪0 25 1 120
;石墓阵
D71601 25 25 红野猪 25 7 10
D71601 25 25 黑野猪 25 7 10
D71601 25 25 楔蛾 25 10 10
D71601 25 25 蝎蛇 25 7 10
D71601 25 25 黑色恶蛆 25 10 10
D71601 25 25 角蝇 25 3 10
;特殊
D71601 25 25 红野猪0 25 2 120
D71601 25 25 红野猪3 25 1 30
D71601 25 25 黑野猪3 25 1 30
D71601 25 25 蝎蛇3 25 1 30

D71602 25 25 红野猪 25 7 10
D71602 25 25 黑野猪 25 7 10
D71602 25 25 楔蛾 25 10 10
D71602 25 25 蝎蛇 25 7 10
D71602 25 25 黑色恶蛆 25 10 10
D71602 25 25 角蝇 25 3 10
;特殊
D71602 25 25 黑野猪0 25 2 120
D71602 25 25 红野猪3 25 1 30
D71602 25 25 黑野猪3 25 1 30
D71602 25 25 蝎蛇3 25 1 30

D71603 25 25 红野猪 25 7 10
D71603 25 25 黑野猪 25 7 10
D71603 25 25 楔蛾 25 10 10
D71603 25 25 蝎蛇 25 7 10
D71603 25 25 黑色恶蛆 25 10 10
D71603 25 25 角蝇 25 3 10
;特殊
D71603 25 25 黑色恶蛆0 25 2 120
D71603 25 25 红野猪3 25 1 30
D71603 25 25 黑野猪3 25 1 30
D71603 25 25 蝎蛇3 25 1 30

D71604 25 25 红野猪 25 7 10
D71604 25 25 黑野猪 25 7 10
D71604 25 25 楔蛾 25 10 10
D71604 25 25 蝎蛇 25 7 10
D71604 25 25 黑色恶蛆 25 10 10
D71604 25 25 角蝇 25 3 10
;特殊
D71604 25 25 蝎蛇0 25 2 120
D71604 25 25 红野猪3 25 1 30
D71604 25 25 黑野猪3 25 1 30
D71604 25 25 蝎蛇3 25 1 30

D71605 25 25 红野猪 25 7 10
D71605 25 25 黑野猪 25 7 10
D71605 25 25 楔蛾 25 10 10
D71605 25 25 蝎蛇 25 7 10
D71605 25 25 黑色恶蛆 25 10 10
D71605 25 25 角蝇 25 3 10
;特殊
D71605 25 25 红野猪0 25 2 120
D71605 25 25 红野猪3 25 1 30
D71605 25 25 黑野猪3 25 1 30
D71605 25 25 蝎蛇3 25 1 30

D71606 25 25 红野猪 25 7 10
D71606 25 25 黑野猪 25 7 10
D71606 25 25 楔蛾 25 10 10
D71606 25 25 蝎蛇 25 7 10
D71606 25 25 黑色恶蛆 25 10 10
D71606 25 25 角蝇 25 3 10
;特殊
D71606 25 25 黑野猪0 25 2 120
D71606 25 25 红野猪3 25 1 30
D71606 25 25 黑野猪3 25 1 30
D71606 25 25 蝎蛇3 25 1 30

D71607 25 25 红野猪 25 7 10
D71607 25 25 黑野猪 25 7 10
D71607 25 25 楔蛾 25 10 10
D71607 25 25 蝎蛇 25 7 10
D71607 25 25 黑色恶蛆 25 10 10
D71607 25 25 角蝇 25 3 10
;特殊
D71607 25 25 黑色恶蛆0 25 2 120
D71607 25 25 红野猪3 25 1 30
D71607 25 25 黑野猪3 25 1 30
D71607 25 25 蝎蛇3 25 1 30

D71608 25 25 红野猪 25 7 10
D71608 25 25 黑野猪 25 7 10
D71608 25 25 楔蛾 25 10 10
D71608 25 25 蝎蛇 25 7 10
D71608 25 25 黑色恶蛆 25 10 10
D71608 25 25 角蝇 25 3 10
;特殊
D71608 25 25 蝎蛇0 25 2 120
D71608 25 25 红野猪3 25 1 30
D71608 25 25 黑野猪3 25 1 30
D71608 25 25 蝎蛇3 25 1 30

D71609 25 25 红野猪 25 7 10
D71609 25 25 黑野猪 25 7 10
D71609 25 25 楔蛾 25 10 10
D71609 25 25 蝎蛇 25 7 10
D71609 25 25 黑色恶蛆 25 10 10
D71609 25 25 角蝇 25 3 10
;特殊
D71609 25 25 红野猪0 25 2 120
D71609 25 25 红野猪3 25 1 30
D71609 25 25 黑野猪3 25 1 30
D71609 25 25 蝎蛇3 25 1 30

D71610 25 25 红野猪 25 7 10
D71610 25 25 黑野猪 25 7 10
D71610 25 25 楔蛾 25 10 10
D71610 25 25 蝎蛇 25 7 10
D71610 25 25 黑色恶蛆 25 10 10
D71610 25 25 角蝇 25 3 10
;特殊
D71610 25 25 黑野猪0 25 2 120
D71610 25 25 红野猪3 25 1 30
D71610 25 25 黑野猪3 25 1 30
D71610 25 25 蝎蛇3 25 1 30

D71611 25 25 红野猪 25 7 10
D71611 25 25 黑野猪 25 7 10
D71611 25 25 楔蛾 25 10 10
D71611 25 25 蝎蛇 25 7 10
D71611 25 25 黑色恶蛆 25 10 10
D71611 25 25 角蝇 25 3 10
;特殊
D71611 25 25 黑色恶蛆0 25 2 120
D71611 25 25 红野猪3 25 1 30
D71611 25 25 黑野猪3 25 1 30
D71611 25 25 蝎蛇3 25 1 30

D71612 25 25 红野猪 25 7 10
D71612 25 25 黑野猪 25 7 10
D71612 25 25 楔蛾 25 10 10
D71612 25 25 蝎蛇 25 7 10
D71612 25 25 黑色恶蛆 25 10 10
D71612 25 25 角蝇 25 3 10
;特殊
D71612 25 25 蝎蛇0 25 2 120
D71612 25 25 红野猪3 25 1 30
D71612 25 25 黑野猪3 25 1 30
D71612 25 25 蝎蛇3 25 1 30

D71613 25 25 红野猪 25 7 10
D71613 25 25 黑野猪 25 7 10
D71613 25 25 楔蛾 25 10 10
D71613 25 25 蝎蛇 25 7 10
D71613 25 25 黑色恶蛆 25 10 10
D71613 25 25 角蝇 25 3 10
;特殊
D71613 25 25 红野猪0 25 2 120
D71613 25 25 红野猪3 25 1 30
D71613 25 25 黑野猪3 25 1 30
D71613 25 25 蝎蛇3 25 1 30

D71614 25 25 红野猪 25 7 10
D71614 25 25 黑野猪 25 7 10
D71614 25 25 楔蛾 25 10 10
D71614 25 25 蝎蛇 25 7 10
D71614 25 25 黑色恶蛆 25 10 10
D71614 25 25 角蝇 25 3 10
;特殊
D71614 25 25 黑野猪0 25 2 120
D71614 25 25 红野猪3 25 1 30
D71614 25 25 黑野猪3 25 1 30
D71614 25 25 蝎蛇3 25 1 30

D71615 25 25 红野猪 25 7 10
D71615 25 25 黑野猪 25 7 10
D71615 25 25 楔蛾 25 10 10
D71615 25 25 蝎蛇 25 7 10
D71615 25 25 黑色恶蛆 25 10 10
D71615 25 25 角蝇 25 3 10
;特殊
D71615 25 25 黑色恶蛆0 25 2 120
D71615 25 25 红野猪3 25 1 30
D71615 25 25 黑野猪3 25 1 30
D71615 25 25 蝎蛇3 25 1 30

D71616 25 25 红野猪 25 7 10
D71616 25 25 黑野猪 25 7 10
D71616 25 25 楔蛾 25 10 10
D71616 25 25 蝎蛇 25 7 10
D71616 25 25 黑色恶蛆 25 10 10
D71616 25 25 角蝇 25 3 10
;特殊
D71616 25 25 蝎蛇0 25 2 120
D71616 25 25 红野猪3 25 1 30
D71616 25 25 黑野猪3 25 1 30
D71616 25 25 蝎蛇3 25 1 30

D71617 25 25 红野猪 25 7 10
D71617 25 25 黑野猪 25 7 10
D71617 25 25 楔蛾 25 10 10
D71617 25 25 蝎蛇 25 7 10
D71617 25 25 黑色恶蛆 25 10 10
D71617 25 25 角蝇 25 3 10
;特殊
D71617 25 25 红野猪0 25 2 120
D71617 25 25 红野猪3 25 1 30
D71617 25 25 黑野猪3 25 1 30
D71617 25 25 蝎蛇3 25 1 30

D71618 25 25 红野猪 25 7 10
D71618 25 25 黑野猪 25 7 10
D71618 25 25 楔蛾 25 10 10
D71618 25 25 蝎蛇 25 7 10
D71618 25 25 黑色恶蛆 25 10 10
D71618 25 25 角蝇 25 3 10
;特殊
D71618 25 25 黑野猪0 25 2 120
D71618 25 25 红野猪3 25 1 30
D71618 25 25 黑野猪3 25 1 30
D71618 25 25 蝎蛇3 25 1 30

D71619 25 25 红野猪 25 7 10
D71619 25 25 黑野猪 25 7 10
D71619 25 25 楔蛾 25 10 10
D71619 25 25 蝎蛇 25 7 10
D71619 25 25 黑色恶蛆 25 10 10
D71619 25 25 角蝇 25 3 10
;特殊
D71619 25 25 黑色恶蛆0 25 2 120
D71619 25 25 红野猪3 25 1 30
D71619 25 25 黑野猪3 25 1 30
D71619 25 25 蝎蛇3 25 1 30

D71620 25 25 红野猪 25 7 10
D71620 25 25 黑野猪 25 7 10
D71620 25 25 楔蛾 25 10 10
D71620 25 25 蝎蛇 25 7 10
D71620 25 25 黑色恶蛆 25 10 10
D71620 25 25 角蝇 25 3 10
;特殊
D71620 25 25 蝎蛇0 25 2 120
D71620 25 25 红野猪3 25 1 30
D71620 25 25 黑野猪3 25 1 30
D71620 25 25 蝎蛇3 25 1 30

D71621 25 25 红野猪 25 7 10
D71621 25 25 黑野猪 25 7 10
D71621 25 25 楔蛾 25 10 10
D71621 25 25 蝎蛇 25 7 10
D71621 25 25 黑色恶蛆 25 10 10
D71621 25 25 角蝇 25 3 10
;特殊
D71621 25 25 红野猪0 25 2 120
D71621 25 25 红野猪3 25 1 30
D71621 25 25 黑野猪3 25 1 30
D71621 25 25 蝎蛇3 25 1 30

D71622 25 25 红野猪 25 7 10
D71622 25 25 黑野猪 25 7 10
D71622 25 25 楔蛾 25 10 10
D71622 25 25 蝎蛇 25 7 10
D71622 25 25 黑色恶蛆 25 10 10
D71622 25 25 角蝇 25 3 10
;特殊
D71622 25 25 黑野猪0 25 2 120
D71622 25 25 红野猪3 25 1 30
D71622 25 25 黑野猪3 25 1 30
D71622 25 25 蝎蛇3 25 1 30

D71623 25 25 红野猪 25 7 10
D71623 25 25 黑野猪 25 7 10
D71623 25 25 楔蛾 25 10 10
D71623 25 25 蝎蛇 25 7 10
D71623 25 25 黑色恶蛆 25 10 10
D71623 25 25 角蝇 25 3 10
;特殊
D71623 25 25 黑色恶蛆0 25 2 120
D71623 25 25 红野猪3 25 1 30
D71623 25 25 黑野猪3 25 1 30
D71623 25 25 蝎蛇3 25 1 30

D71624 25 25 红野猪 25 7 10
D71624 25 25 黑野猪 25 7 10
D71624 25 25 楔蛾 25 10 10
D71624 25 25 蝎蛇 25 7 10
D71624 25 25 黑色恶蛆 25 10 10
D71624 25 25 角蝇 25 3 10
;特殊
D71624 25 25 蝎蛇0 25 2 120
D71624 25 25 红野猪3 25 1 30
D71624 25 25 黑野猪3 25 1 30
D71624 25 25 蝎蛇3 25 1 30

D71625 25 25 红野猪 25 7 10
D71625 25 25 黑野猪 25 7 10
D71625 25 25 楔蛾 25 10 10
D71625 25 25 蝎蛇 25 7 10
D71625 25 25 黑色恶蛆 25 10 10
D71625 25 25 角蝇 25 3 10
;特殊
D71625 25 25 红野猪0 25 2 120
D71625 25 25 红野猪3 25 1 30
D71625 25 25 黑野猪3 25 1 30
D71625 25 25 蝎蛇3 25 1 30

;石墓七层
D717 100 100 黑色恶蛆 100 100 10
D717 100 100 红野猪 100 50 10
D717 100 100 黑野猪 100 50 10
D717 100 100 楔蛾 100 150 10
D717 100 100 角蝇 100 5 10
;特殊
D717 100 100 白野猪0 100 28 120
D717 100 100 白野猪 100 2 120
D717 100 100 白野猪 100 2 240
D717 100 100 邪恶毒蛇 100 2 120
D717 83 25 石墓尸王 0 1 180

;桃源之门
R001 114 122 蜜蜂 50 30 20
R001 93 104 神兽 150 10 60
R001 93 104 神兽2 150 30 60
R001 93 104 神兽0 150 5 60
R001 93 104 变异骷髅0 150 30 60

;香石古墓一层
E701 50 50 闪电僵尸 50 45 23
E701 50 50 墓穴僵尸 50 40 23
E701 50 50 土栖僵尸 50 40 23
E701 50 50 腐烂僵尸 50 40 23
E701 50 50 残肢僵尸 50 40 23
;特殊
E701 50 50 闪电僵尸0 50 2 30
E701 50 50 土栖僵尸0 50 2 30
E701 50 50 残肢僵尸0 50 2 30

;香石古墓二层
E702 50 50 闪电僵尸 50 25 23
E702 50 50 墓穴僵尸 50 15 23
E702 50 50 土栖僵尸 50 15 23
E702 50 50 腐烂僵尸 50 15 23
E702 50 50 残肢僵尸 50 15 23
E702 50 50 楔蛾 50 15 23
E702 50 50 红野猪 50 15 23
E702 50 50 黑野猪 50 15 23
E702 50 50 黑色恶蛆 50 15 23
E702 50 50 角蝇 50 2 23
E702 50 50 蝎蛇 50 10 23
;特殊
E702 50 50 闪电僵尸0 50 2 30
E702 50 50 腐烂僵尸0 50 2 30
E702 50 50 残肢僵尸0 50 2 30
E702 50 50 黑野猪0 50 2 30
E702 50 50 蝎蛇0 50 2 30
;香石古墓三层
E703 50 50 楔蛾 50 25 23
E703 50 50 红野猪 50 25 23
E703 50 50 黑野猪 50 25 23
E703 50 50 黑色恶蛆 50 25 23
E703 50 50 角蝇 50 2 23
E703 50 50 蝎蛇 50 25 23
;特殊
E703 50 50 红野猪0 50 2 30
E703 50 50 蝎蛇0 50 2 30

;未知暗殿
M001 200 200 鸡1 200 3 50
M001 200 200 鸡 200 3 50
M001 200 200 鹿1 200 3 50
M001 200 200 鹿 200 1 90
M001 200 200 稻草人1 200 6 50
M001 200 200 稻草人 200 1 90
M001 200 200 巨型多角虫1 200 12 50
M001 200 200 巨型多角虫 200 1 180
M001 200 200 半兽勇士1 200 12 50
M001 200 200 半兽勇士 200 1 90
M001 200 200 骷髅精灵1 200 24 50
M001 200 200 骷髅精灵 200 1 90
M001 200 200 邪恶尸王 200 24 50
M001 200 200 尸王 200 1 90
M001 200 200 沃玛卫士1 200 48 50
M001 200 200 沃玛卫士 200 1 90
M001 200 200 邪恶钳虫1 200 48 50
M001 200 200 邪恶钳虫 200 1 90
M001 200 200 白野猪1 200 100 50
M001 200 200 白野猪 200 1 90
M001 200 200 邪恶毒蛇1 200 200 50
M001 200 200 邪恶毒蛇 200 1 90
M001 200 200 沃玛教主1 200 400 50
M001 200 200 沃玛教主 200 1 180

;不归路 
T1341 15 25 暴牙蜘蛛 10 3 10
T1341 15 25 天狼蜘蛛 10 3 10
T1341 25 15 暴牙蜘蛛 10 3 10
T1341 25 15 天狼蜘蛛 10 3 10
;特殊
T1341 15 25 天狼蜘蛛0 10 2 30
T1341 25 15 暴牙蜘蛛0 10 2 30
T1341 15 25 天狼蜘蛛0 10 1 60
T1341 25 15 暴牙蜘蛛0 10 1 60

T1342 15 25 暴牙蜘蛛 10 4 10
T1342 15 25 天狼蜘蛛 10 4 10
T1342 25 15 暴牙蜘蛛 10 4 10
T1342 25 15 天狼蜘蛛 10 4 10
;特殊
T1342 15 25 天狼蜘蛛0 10 2 30
T1342 25 15 暴牙蜘蛛0 10 2 30
T1342 15 25 天狼蜘蛛0 10 1 60
T1342 25 15 暴牙蜘蛛0 10 1 60

T1343 15 25 暴牙蜘蛛 10 5 10
T1343 15 25 天狼蜘蛛 10 5 10
T1343 25 15 暴牙蜘蛛 10 5 10
T1343 25 15 天狼蜘蛛 10 5 10
;特殊
T1343 15 25 天狼蜘蛛0 10 2 30
T1343 25 15 暴牙蜘蛛0 10 2 30
T1343 15 25 天狼蜘蛛0 10 1 60
T1343 25 15 暴牙蜘蛛0 10 1 60

;赤月峡谷东走廊
D10011 262 342 月魔蜘蛛 150 20 10
D10011 262 342 天狼蜘蛛 150 20 8
D10011 262 342 钢牙蜘蛛 150 10 10
D10011 262 342 花吻蜘蛛 150 10 10
D10011 262 342 暴牙蜘蛛 150 20 10

D10011 165 323 月魔蜘蛛 100 20 10
D10011 165 323 天狼蜘蛛 100 10 8
D10011 165 323 钢牙蜘蛛 100 5 10
D10011 165 323 花吻蜘蛛 100 5 10
D10011 165 323 暴牙蜘蛛 100 10 10

D10011 135 69 月魔蜘蛛 100 15 10
D10011 135 69 天狼蜘蛛 100 10 8
D10011 135 69 钢牙蜘蛛 100 5 10
D10011 135 16 花吻蜘蛛 100 5 10
D10011 135 69 暴牙蜘蛛 100 10 10

D10011 40 151 月魔蜘蛛 200 50 10
D10011 40 151 天狼蜘蛛 200 30 8
D10011 40 151 钢牙蜘蛛 200 20 10
D10011 40 151 花吻蜘蛛 200 20 10
D10011 40 151 暴牙蜘蛛 200 30 10

D10011 223 106 月魔蜘蛛 150 25 10
D10011 223 106 天狼蜘蛛 150 15 8
D10011 223 106 钢牙蜘蛛 150 10 10
D10011 223 106 花吻蜘蛛 150 10 10
D10011 223 106 暴牙蜘蛛 150 15 10
;特殊
D10011 223 106 天狼蜘蛛0 200 5 10
D10011 223 106 钢牙蜘蛛0 200 5 10
D10011 223 106 花吻蜘蛛0 200 5 10
D10011 223 106 月魔蜘蛛0 200 5 10
D10011 223 106 暴牙蜘蛛0 200 5 10
D10011 223 106 天狼蜘蛛0 200 2 20
D10011 223 106 钢牙蜘蛛0 200 2 20
D10011 223 106 花吻蜘蛛0 200 2 20
D10011 223 106 月魔蜘蛛0 200 2 20
D10011 223 106 天狼蜘蛛8 200 2 20
D10011 223 106 钢牙蜘蛛8 200 2 20
D10011 223 106 花吻蜘蛛8 200 2 20
D10011 223 106 天狼蜘蛛8 200 1 40
D10011 223 106 钢牙蜘蛛8 200 1 40
D10011 223 106 花吻蜘蛛8 200 1 40

;赤月峡谷西走廊
D10012 134 172 月魔蜘蛛 200 80 10
D10012 134 172 天狼蜘蛛 200 45 8
D10012 134 172 钢牙蜘蛛 200 30 10
D10012 134 172 花吻蜘蛛 200 30 10
D10012 134 172 暴牙蜘蛛 200 45 10

D10012 74 236 月魔蜘蛛 100 25 10
D10012 74 236 天狼蜘蛛 100 15 8
D10012 74 236 钢牙蜘蛛 100 10 10
D10012 74 236 花吻蜘蛛 100 10 10
D10012 74 236 暴牙蜘蛛 100 15 10

D10012 206 89 月魔蜘蛛 100 30 10
D10012 206 89 天狼蜘蛛 100 20 8
D10012 206 89 钢牙蜘蛛 100 10 10
D10012 206 89 花吻蜘蛛 100 10 10
D10012 206 89 暴牙蜘蛛 100 20 10
;特殊
D10012 134 172 天狼蜘蛛0 200 5 10
D10012 134 172 钢牙蜘蛛0 200 5 10
D10012 134 172 花吻蜘蛛0 200 5 10
D10012 134 172 月魔蜘蛛0 200 5 10
D10012 134 172 暴牙蜘蛛0 200 5 10
D10012 134 172 天狼蜘蛛8 200 2 20
D10012 134 172 钢牙蜘蛛8 200 2 20
D10012 134 172 花吻蜘蛛8 200 2 20

;赤月峡谷西回隧道
D10013 140 175 月魔蜘蛛 200 80 10
D10013 140 175 天狼蜘蛛 200 45 8
D10013 140 175 钢牙蜘蛛 200 30 10
D10013 140 175 花吻蜘蛛 200 30 10
D10013 140 175 暴牙蜘蛛 200 45 10

D10013 134 146 月魔蜘蛛 100 25 10
D10013 134 146 天狼蜘蛛 100 15 8
D10013 134 146 钢牙蜘蛛 100 10 10
D10013 134 146 花吻蜘蛛 100 10 10
D10013 134 146 暴牙蜘蛛 100 15 10

D10013 213 215 月魔蜘蛛 100 30 10
D10013 213 215 天狼蜘蛛 100 20 8
D10013 213 215 钢牙蜘蛛 100 10 10
D10013 213 215 花吻蜘蛛 100 10 10
D10013 213 215 暴牙蜘蛛 100 20 10
;特殊
D10013 140 175 天狼蜘蛛0 200 5 10
D10013 140 175 钢牙蜘蛛0 200 5 10
D10013 140 175 花吻蜘蛛0 200 5 10
D10013 140 175 月魔蜘蛛0 200 5 10
D10013 140 175 暴牙蜘蛛0 200 5 10
D10013 140 175 天狼蜘蛛8 200 2 20
D10013 140 175 钢牙蜘蛛8 200 2 20
D10013 140 175 花吻蜘蛛8 200 2 20
D10013 140 175 天狼蜘蛛0 200 2 20
D10013 140 175 钢牙蜘蛛0 200 2 20
D10013 140 175 花吻蜘蛛0 200 2 20
D10013 140 175 月魔蜘蛛0 200 2 20
D10013 140 175 暴牙蜘蛛0 200 2 20
D10013 140 175 天狼蜘蛛8 200 1 40
D10013 140 175 钢牙蜘蛛8 200 1 40
D10013 140 175 花吻蜘蛛8 200 1 40
;赤月峡谷东二层
D1002 161 161 月魔蜘蛛 200 80 10
D1002 161 161 天狼蜘蛛 200 60 8
D1002 161 161 钢牙蜘蛛 200 30 10
D1002 161 161 花吻蜘蛛 200 30 10
D1002 161 161 黑锷蜘蛛 200 15 12
D1002 161 161 暴牙蜘蛛 200 50 10

D1002 125 165 月魔蜘蛛 150 30 10
D1002 125 165 天狼蜘蛛 150 25 8
D1002 125 165 钢牙蜘蛛 150 10 10
D1002 125 165 花吻蜘蛛 150 20 10
D1002 125 165 黑锷蜘蛛 150 5 12
D1002 125 165 暴牙蜘蛛 150 25 10

D1002 241 100 月魔蜘蛛 150 30 10
D1002 241 100 天狼蜘蛛 150 25 8
D1002 241 100 钢牙蜘蛛 150 10 10
D1002 241 100 花吻蜘蛛 150 20 10
D1002 241 100 黑锷蜘蛛 150 5 12
D1002 241 100 暴牙蜘蛛 150 25 10

D1002 133 58 月魔蜘蛛 150 30 10
D1002 133 58 天狼蜘蛛 150 25 8
D1002 133 58 钢牙蜘蛛 150 10 10
D1002 133 58 花吻蜘蛛 150 20 10
D1002 133 58 黑锷蜘蛛 150 5 12
D1002 133 58 暴牙蜘蛛 150 25 10

D1002 166 227 月魔蜘蛛 150 30 10
D1002 166 227 天狼蜘蛛 150 25 8
D1002 166 227 钢牙蜘蛛 150 10 10
D1002 166 227 花吻蜘蛛 150 20 10
D1002 166 227 黑锷蜘蛛 150 5 12
D1002 166 227 暴牙蜘蛛 150 25 10
;特殊
D1002 161 161 天狼蜘蛛0 200 5 15
D1002 161 161 钢牙蜘蛛0 200 5 15
D1002 161 161 花吻蜘蛛0 200 5 15
D1002 161 161 黑锷蜘蛛0 200 5 15
D1002 161 161 月魔蜘蛛0 200 5 15
D1002 161 161 暴牙蜘蛛0 200 5 15
D1002 161 161 天狼蜘蛛8 200 2 30
D1002 161 161 钢牙蜘蛛8 200 2 30
D1002 161 161 花吻蜘蛛8 200 2 30
D1002 161 161 黑锷蜘蛛8 200 2 30
D1002 161 161 幻影蜘蛛 200 2 30
;赤月峡谷广场
D10031 128 91 月魔蜘蛛 200 80 10
D10031 128 91 天狼蜘蛛 200 50 8
D10031 128 91 钢牙蜘蛛 200 40 10
D10031 128 91 花吻蜘蛛 200 40 10
D10031 128 91 黑锷蜘蛛 200 10 12
D10031 128 91 暴牙蜘蛛 200 40 10

D10031 242 152 月魔蜘蛛 150 30 10
D10031 242 152 天狼蜘蛛 150 30 8
D10031 242 152 钢牙蜘蛛 150 20 10
D10031 242 152 花吻蜘蛛 150 20 10
D10031 242 152 黑锷蜘蛛 150 5 12
D10031 242 242 暴牙蜘蛛 150 20 10

D10031 66 208 月魔蜘蛛 150 30 10
D10031 66 208 天狼蜘蛛 150 30 8
D10031 66 208 钢牙蜘蛛 150 20 10
D10031 66 208 花吻蜘蛛 150 20 10
D10031 66 208 黑锷蜘蛛 150 5 12
D10031 66 208 暴牙蜘蛛 150 20 10
;特殊
D10031 128 91 天狼蜘蛛0 200 5 10
D10031 128 91 钢牙蜘蛛0 200 5 10
D10031 128 91 花吻蜘蛛0 200 5 10
D10031 128 91 黑锷蜘蛛0 200 5 15
D10031 128 91 月魔蜘蛛0 200 5 10
D10031 128 91 暴牙蜘蛛0 200 5 10
D10031 128 91 天狼蜘蛛8 200 2 20
D10031 128 91 钢牙蜘蛛8 200 2 20
D10031 128 91 花吻蜘蛛8 200 2 20
D10031 128 91 黑锷蜘蛛8 200 2 30
D10031 128 91 幻影蜘蛛 200 2 30
D10031 128 91 邪恶巨人 200 2 10

;赤月峡谷东长廊
D10032 155 93 月魔蜘蛛 200 80 10
D10032 155 93 天狼蜘蛛 200 50 8
D10032 155 93 钢牙蜘蛛 200 40 10
D10032 155 93 花吻蜘蛛 200 40 10
D10032 155 93 黑锷蜘蛛 200 10 12
D10032 155 93 暴牙蜘蛛 200 40 10

D10032 227 208 月魔蜘蛛 150 30 10
D10032 227 208 天狼蜘蛛 150 30 8
D10032 227 208 钢牙蜘蛛 150 20 10
D10032 227 208 花吻蜘蛛 150 20 10
D10032 227 208 黑锷蜘蛛 150 5 12
D10032 227 208 暴牙蜘蛛 150 20 10

D10032 107 228 月魔蜘蛛 150 30 10
D10032 107 228 天狼蜘蛛 150 30 8
D10032 107 228 钢牙蜘蛛 150 20 10
D10032 107 228 花吻蜘蛛 150 20 10
D10032 107 228 黑锷蜘蛛 150 5 12
D10032 107 228 暴牙蜘蛛 150 20 10
;特殊
D10032 155 93 天狼蜘蛛0 200 5 10
D10032 155 93 钢牙蜘蛛0 200 5 10
D10032 155 93 花吻蜘蛛0 200 5 10
D10032 155 93 黑锷蜘蛛0 200 5 15
D10032 155 93 月魔蜘蛛0 200 5 10
D10032 155 93 暴牙蜘蛛0 200 5 10
D10032 155 93 天狼蜘蛛8 200 5 10
D10032 155 93 钢牙蜘蛛8 200 5 10
D10032 155 93 花吻蜘蛛8 200 5 10
D10032 155 93 黑锷蜘蛛8 200 5 15
D10032 155 93 幻影蜘蛛 200 2 30
D10032 155 93 邪恶巨人 200 5 10

D1004 156 159 月魔蜘蛛 200 80 10
D1004 156 159 天狼蜘蛛 200 70 8
D1004 156 159 钢牙蜘蛛 200 50 10
D1004 156 159 花吻蜘蛛 200 50 10
D1004 156 159 黑锷蜘蛛 200 30 12
D1004 156 159 暴牙蜘蛛 200 50 10
D1004 156 159 血巨人 200 20 12
D1004 156 159 血僵尸 200 10 12

;抉择之地
D1004 74 172 月魔蜘蛛 150 30 10
D1004 74 172 天狼蜘蛛 150 30 8
D1004 74 172 钢牙蜘蛛 150 20 10
D1004 74 172 花吻蜘蛛 150 30 10
D1004 74 172 暴牙蜘蛛 150 20 10
D1004 74 172 黑锷蜘蛛 150 20 12
D1004 74 172 血巨人 150 5 12

D1004 240 100 月魔蜘蛛 150 30 10
D1004 240 100 天狼蜘蛛 150 30 8
D1004 240 100 钢牙蜘蛛 150 20 10
D1004 240 100 暴牙蜘蛛 150 20 10
D1004 240 100 花吻蜘蛛 150 30 10
D1004 240 100 黑锷蜘蛛 150 20 12
D1004 240 100 血巨人 150 5 12
D1004 240 100 血僵尸 150 5 12
;特殊
D1004 156 159 月魔蜘蛛0 200 5 10
D1004 156 159 天狼蜘蛛0 200 5 10
D1004 156 159 钢牙蜘蛛0 200 5 10
D1004 156 159 暴牙蜘蛛0 200 5 10
D1004 156 159 花吻蜘蛛0 200 5 10
D1004 156 159 黑锷蜘蛛0 200 5 15
D1004 156 159 血巨人0 200 5 15
D1004 156 159 血僵尸0 200 5 15
D1004 156 159 天狼蜘蛛8 200 2 20
D1004 156 159 钢牙蜘蛛8 200 2 20
D1004 156 159 花吻蜘蛛8 200 2 20
D1004 156 159 黑锷蜘蛛8 200 2 30
D1004 156 159 血巨人8 200 2 30
D1004 156 159 血僵尸8 200 2 30
D1004 156 159 幻影蜘蛛 200 4 30
D1004 156 159 邪恶巨人 290 2 15

;山谷秘道
D10051 110 100 月魔蜘蛛 200 80 9
D10051 110 100 天狼蜘蛛 200 60 8
D10051 110 100 钢牙蜘蛛 200 60 9
D10051 110 100 暴牙蜘蛛 200 60 9
D10051 110 100 花吻蜘蛛 200 60 9
D10051 110 100 黑锷蜘蛛 200 40 10
D10051 110 100 血巨人 200 20 10
D10051 110 100 血僵尸 200 20 10
;特殊
D10051 110 100 月魔蜘蛛0 120 5 10
D10051 110 100 天狼蜘蛛0 120 5 10
D10051 110 100 钢牙蜘蛛0 120 5 10
D10051 110 100 暴牙蜘蛛0 120 5 10
D10051 110 100 花吻蜘蛛0 120 5 10
D10051 110 100 黑锷蜘蛛0 120 5 15
D10051 110 100 血巨人0 120 5 15
D10051 110 100 血僵尸0 120 5 15
D10051 110 100 天狼蜘蛛8 120 2 20
D10051 110 100 钢牙蜘蛛8 120 2 20
D10051 110 100 花吻蜘蛛8 120 2 20
D10051 110 100 黑锷蜘蛛8 120 2 30
D10051 110 100 血巨人8 120 2 30
D10051 110 100 血僵尸8 120 2 30
D10051 110 100 幻影蜘蛛 120 2 30
D10051 110 100 邪恶巨人 120 2 15
;山谷秘道
D10052 110 100 月魔蜘蛛 200 100 9
D10052 110 100 天狼蜘蛛 200 80 8
D10052 110 100 钢牙蜘蛛 200 80 9
D10052 110 100 暴牙蜘蛛 200 80 9
D10052 110 100 花吻蜘蛛 200 80 9
D10052 110 100 黑锷蜘蛛 200 50 10
D10052 110 100 血僵尸 120 20 10
D10052 110 100 血巨人 120 20 10
;特殊
D10052 110 100 月魔蜘蛛0 120 5 10
D10052 110 100 天狼蜘蛛0 120 5 10
D10052 110 100 钢牙蜘蛛0 120 5 10
D10052 110 100 暴牙蜘蛛0 120 5 10
D10052 110 100 花吻蜘蛛0 120 5 10
D10052 110 100 黑锷蜘蛛0 120 5 15
D10052 110 100 血巨人0 120 5 15
D10052 110 100 血僵尸0 120 5 15
D10052 110 100 天狼蜘蛛8 120 2 20
D10052 110 100 钢牙蜘蛛8 120 2 20
D10052 110 100 花吻蜘蛛8 120 2 20
D10052 110 100 黑锷蜘蛛8 120 2 30
D10052 110 100 血巨人8 120 2 30
D10052 110 100 血僵尸8 120 2 30
D10052 110 100 幻影蜘蛛 120 2 30
D10052 110 100 邪恶巨人 120 2 15

;恶魔祭坛
D10061 15 18 月魔蜘蛛 12 1 6
D10061 13 18 月魔蜘蛛 12 1 5
D10061 13 18 月魔蜘蛛 12 1 5
D10061 13 18 钢牙蜘蛛 12 1 5
D10061 13 18 暴牙蜘蛛 12 1 5
D10061 15 21 黑锷蜘蛛 12 1 6
D10061 16 19 血巨人 12 1 6
D10061 16 19 血僵尸 12 1 5
;特殊
D10061 15 18 月魔蜘蛛0 12 1 30
D10061 15 18 血巨人0 12 1 60
D10061 15 18 血僵尸0 12 1 60
D10061 15 18 黑锷蜘蛛0 12 1 60
D10061 15 18 暴牙蜘蛛0 12 1 60
D10061 15 18 月魔蜘蛛0 12 1 60
D10061 15 18 血巨人0 12 1 120
D10061 15 18 血僵尸0 12 1 120
D10061 15 18 黑锷蜘蛛0 12 1 120
D10061 15 18 暴牙蜘蛛0 12 1 120
D10061 15 18 双头血魔 12 1 360
D10061 15 18 双头金刚 12 1 360

;赤月魔穴
D10062 30 30 月魔蜘蛛 75 5 15
D10062 30 30 双头血魔 75 1 60
D10062 30 30 邪恶巨人 75 5 15
D10062 30 30 黑锷蜘蛛 75 8 15
D10062 30 30 黑锷蜘蛛 75 10 5
D10062 30 30 双头金刚 75 1 60
D10062 17 21 血巨人 21 5 15
D10062 17 21 血僵尸 21 5 15
D10062 23 18 赤月恶魔 0 1 180


;同心小径
M100 131 154 红野猪 150 50 8
M100 131 154 黑野猪 150 50 8
M100 131 154 黑色恶蛆 150 50 8
;特殊
M100 131 154 白野猪0 150 5 8
M100 131 154 虹魔猪卫0 150 1 60

;封魔矿区
D2000 100 100 墓穴僵尸 100 75 10
D2000 100 100 土栖僵尸 100 75 10
D2000 100 100 洞蛆 100 45 10
;特殊
D2000 100 100 墓穴僵尸0 100 3 10
D2000 100 100 土栖僵尸0 100 3 10
;崎路
D2001 238 120 闪电僵尸 200 20 15
D2001 238 120 墓穴僵尸 200 50 15
D2001 238 120 土栖僵尸 200 30 15
D2001 238 120 腐烂僵尸 200 30 15
D2001 238 120 残肢僵尸 200 30 15

D2001 136 78 闪电僵尸 100 10 17
D2001 136 78 墓穴僵尸 100 40 17
D2001 136 78 土栖僵尸 100 20 17
D2001 136 78 腐烂僵尸 100 20 17
D2001 136 78 残肢僵尸 100 20 17

D2001 136 78 闪电僵尸 100 10 16
D2001 136 78 墓穴僵尸 100 40 16
D2001 136 78 土栖僵尸 100 20 16
D2001 136 78 腐烂僵尸 100 20 16
D2001 136 78 残肢僵尸 100 20 16

D2001 50 98 闪电僵尸 40 10 15
D2001 50 98 墓穴僵尸 40 30 15
D2001 50 98 土栖僵尸 40 10 15
D2001 50 98 腐烂僵尸 40 10 15
D2001 50 98 残肢僵尸 40 10 15

;特殊
D2001 238 120 闪电僵尸0 200 2 15
D2001 238 120 墓穴僵尸0 200 2 15
D2001 238 120 土栖僵尸0 100 2 15
D2001 136 78 腐烂僵尸0 300 2 15
D2001 136 78 残肢僵尸0 300 2 15
D2001 29 99 尸王 50 1 60
;连接通道
D2002 21 23 闪电僵尸 10 5 15
D2002 21 23 墓穴僵尸 10 10 15
D2002 21 23 土栖僵尸 10 10 15
D2002 21 23 腐烂僵尸 10 10 15
D2002 21 23 残肢僵尸 10 10 15
D2002 21 23 邪恶尸王 10 4 15

;;特殊
D2002 33 15 尸王 5 1 60

;疾风殿
D2004 31 38 红野猪 100 40 10
D2004 31 38 黑野猪 100 40 10
D2004 31 38 黑色恶蛆 100 60 10
D2004 31 38 白野猪0 100 20 20
D2004 31 38 角蝇 100 3 10
D2004 31 38 红野猪3 100 10 10
D2004 31 38 黑野猪3 100 10 10

;;特殊
D2004 31 38 红野猪0 100 2 20
D2004 31 38 黑野猪0 100 2 20
D2004 31 38 黑色恶蛆0 100 4 20
D2004 31 38 白野猪 100 2 60
;光芒回廊
D2005 41 44 红野猪 100 40 10
D2005 41 44 黑野猪 100 40 10
D2005 41 44 黑色恶蛆 100 60 10

D2005 41 44 角蝇 100 2 10
D2005 41 44 红野猪3 100 5 10
D2005 41 44 黑野猪3 100 5 10

;;特殊
D2005 41 44 红野猪0 100 2 20
D2005 41 44 黑野猪0 100 2 20
D2005 41 44 黑色恶蛆0 100 4 20
;烈焰殿
D2006 31 38 红野猪 100 40 10
D2006 31 38 黑野猪 100 40 10
D2006 31 38 黑色恶蛆 100 60 10
D2006 31 38 白野猪0 100 20 20
D2006 31 38 角蝇 100 3 10
D2006 31 38 红野猪3 100 10 10
D2006 31 38 黑野猪3 100 10 10

;;特殊
D2006 31 38 红野猪0 100 2 20
D2006 31 38 黑野猪0 100 2 20
D2006 31 38 黑色恶蛆0 100 4 20
D2006 31 38 白野猪 100 2 60

;雷霆之路
D2007 140 135 红野猪 200 30 10
D2007 140 135 黑野猪 200 30 10
D2007 140 135 白野猪0 200 15 20
D2007 140 135 黑色恶蛆 200 60 10
D2007 140 135 角蝇 200 3 10
D2007 140 135 红野猪3 200 10 10
D2007 140 135 黑野猪3 200 10 10

;;特殊
D2007 140 135 红野猪0 200 2 20
D2007 140 135 黑野猪0 200 2 20
D2007 140 135 白野猪 200 1 60
D2007 140 135 黑色恶蛆0 200 2 20
D2007 140 135 虹魔猪卫 200 1 90

;霸者大厅
D2008 41 74 红野猪 200 30 10
D2008 41 74 黑野猪 200 30 10
D2008 41 74 大老鼠 200 30 10
D2008 41 74 白野猪0 200 15 20
D2008 41 74 黑色恶蛆 200 60 10
D2008 41 74 角蝇 100 3 7
D2008 41 74 虹魔猪卫0 100 3 30

;特殊
D2008 41 74 红野猪0 100 1 20
D2008 41 74 黑野猪0 100 1 20
D2008 41 74 大老鼠0 100 1 20
D2008 41 74 白野猪 100 2 40 
D2008 41 74 黑色恶蛆0 100 2 20
D2008 41 74 虹魔猪卫 100 1 60

;幽冥回廊
D2009 41 44 红野猪 100 20 15
D2009 41 44 黑野猪 100 20 15
D2009 41 44 白野猪0 100 20 15
D2009 41 44 黑色恶蛆 100 40 15
D2009 41 44 角蝇 100 2 15
D2009 41 44 蝎蛇 100 60 15
D2009 41 44 红野猪3 100 15 15
D2009 41 44 黑野猪3 100 15 15

;特殊
D2009 41 44 红野猪0 100 1 20
D2009 41 44 黑野猪0 100 1 20
D2009 41 44 白野猪 100 1 40
D2009 41 44 黑色恶蛆0 100 2 20
D2009 41 44 蝎蛇0 100 2 20
D2009 41 44 邪恶毒蛇 100 3 10

;纵横道
D2010 155 231 红野猪 200 40 10
D2010 155 231 黑野猪 200 40 10
D2010 155 231 白野猪0 200 20 20 
D2010 155 231 黑色恶蛆 200 80 10
D2010 155 231 蝎蛇 200 40 15
D2010 155 231 角蝇 200 3 10
D2010 155 231 红野猪3 200 5 10
D2010 155 231 黑野猪3 200 5 10
;特殊
D2010 155 231 红野猪0 200 2 20
D2010 155 231 黑野猪0 200 2 20
D2010 155 231 白野猪 200 2 40 
D2010 155 231 黑色恶蛆0 200 2 20
D2010 155 231 蝎蛇0 200 2 20
D2010 155 231 邪恶毒蛇 200 1 40
D2010 155 231 虹魔蝎卫 200 1 90

;魔魂殿
D2011 32 31 红野猪 80 30 15
D2011 32 31 黑野猪 80 30 15
D2011 32 31 白野猪0 80 10 15
D2011 32 31 角蝇 80 3 10
D2011 32 31 蝎蛇 80 40 10
D2011 32 31 虹魔蝎卫0 80 3 15
D2011 32 31 红野猪3 80 10 15
D2011 32 31 黑野猪3 80 10 15
D2011 32 31 楔蛾 80 40 10
;;特殊
D2011 32 31 黑野猪0 80 2 20
D2011 32 31 白野猪 80 1 30
D2011 32 31 邪恶毒蛇 80 1 30
D2011 32 31 蝎蛇0 80 2 20
D2011 32 31 虹魔蝎卫 80 1 60

;炼狱回廊
D2012 48 47 祖玛雕像 70 25 15
D2012 48 47 祖玛卫士 70 25 15
D2012 48 47 祖玛弓箭手 70 25 10
D2012 48 47 楔蛾 70 40 10
D2012 48 47 角蝇 70 3 10
D2012 48 47 大老鼠 70 20 10
D2012 48 47 红野猪 70 20 10
D2012 48 47 黑野猪 70 20 10
D2012 48 47 白野猪0 70 10 10
D2012 48 47 蝎蛇 70 20 10
;特殊
D2012 48 47 红野猪3 70 5 10
D2012 48 47 黑野猪3 70 5 10
D2012 48 47 祖玛雕像3 70 5 20
D2012 48 47 祖玛卫士3 70 5 20
D2012 48 47 祖玛弓箭手3 70 10 15
D2012 48 47 祖玛雕像0 60 2 30
D2012 48 47 祖玛卫士0 60 2 30
D2012 48 47 祖玛弓箭手0 60 2 30
D2012 48 47 楔蛾8 60 4 20
D2012 48 47 大老鼠0 60 4 20
D2012 48 47 红野猪0 70 2 10
D2012 48 47 黑野猪0 70 2 10
D2012 48 47 白野猪 70 2 30
D2012 48 47 蝎蛇0 70 2 10
D2012 48 47 邪恶毒蛇 70 1 60

;封魔殿
D2013 22 27 祖玛雕像 60 40 20
D2013 40 45 祖玛卫士 60 40 20
D2013 40 45 祖玛弓箭手 60 30 20
D2013 22 27 祖玛雕像3 60 20 20
D2013 40 45 祖玛卫士3 60 20 20
D2013 40 45 祖玛弓箭手3 60 60 20
D2013 40 45 虹魔猪卫 60 2 60
D2013 40 45 虹魔蝎卫 60 2 60
D2013 40 45 楔蛾 60 80 10
D2013 40 45 角蝇 60 3 15
;;特殊
D2013 40 45 祖玛雕像0 60 1 30
D2013 40 45 祖玛卫士0 60 1 30
D2013 40 45 祖玛弓箭手0 60 1 30
D2013 40 45 楔蛾8 60 3 20
;D2013 55 55 虹魔教主0 50 1 90
D2013 25 29 虹魔教主 10 1 180

;尸魔洞一层
D2051 88 105 恶灵僵尸 100 100 10
D2051 88 105 恶灵尸王 100 60 10
D2051 120 90 恶灵僵尸 100 100 10
D2051 120 90 恶灵尸王 100 60 10
D2051 120 90 恶灵僵尸 150 100 10
;特殊
D2051 88 105 恶灵僵尸0 100 4 60
D2051 88 105 宝箱 100 2 60
D2051 88 105 宝箱2 100 1 60
D2051 120 90 恶灵僵尸0 100 4 60

;尸魔洞二层
D2052 52 52 恶灵僵尸 50 70 10
D2052 52 52 恶灵僵尸0 50 6 60
D2052 52 52 恶灵尸王 50 30 10
D2052 71 41 恶灵僵尸 50 70 10
D2052 71 41 恶灵僵尸0 50 4 60
D2052 71 41 恶灵尸王 50 30 10
D2052 71 41 恶灵尸王0 50 3 60
;特殊
D2052 71 41 恶灵僵尸0 50 4 60
D2052 71 41 恶灵尸王0 50 3 60
D2052 52 52 恶灵僵尸0 50 6 60
D2052 52 52 恶灵尸王0 50 4 60
D2052 52 52 宝箱1 50 2 60
D2052 52 52 宝箱3 50 2 60
D2052 52 52 宝箱5 50 1 60

;尸魔洞三层
D2053 200 190 恶灵僵尸 100 80 8
D2053 200 190 恶灵尸王 100 20 10
D2053 145 80 恶灵僵尸 100 80 8
D2053 145 80 恶灵尸王 100 20 10
D2053 100 125 恶灵僵尸 100 80 8
D2053 100 125 恶灵尸王 100 20 10
D2053 100 145 恶灵僵尸 100 80 8
D2053 100 145 恶灵尸王 100 20 10
;特殊
D2053 200 190 恶灵僵尸0 100 10 60
D2053 100 125 恶灵尸王0 100 4 120
D2053 100 140 恶灵僵尸0 100 10 60
D2053 200 190 恶灵尸王0 100 4 120
D2053 100 125 宝箱 100 2 60
D2053 100 125 宝箱2 100 2 60
D2053 100 125 宝箱4 100 1 60

;骨魔洞一层
D2061 110 110 恶灵僵尸 100 100 10
D2061 110 110 骷髅长枪兵 100 100 10
D2061 110 115 恶灵僵尸 100 100 10
D2061 110 115 恶灵尸王 100 60 10
D2061 110 115 骷髅长枪兵 100 100 10
;特殊
D2061 110 115 恶灵僵尸0 100 4 60
D2061 110 115 骷髅长枪兵0 100 2 60
D2061 110 110 恶灵僵尸0 100 4 60
D2061 110 110 骷髅长枪兵0 100 2 60
D2061 110 110 宝箱1 100 2 60
D2061 110 110 宝箱2 100 2 60
;骨魔洞二层
D2062 100 90 骷髅刀斧手 100 80 10
D2062 100 90 骷髅长枪兵 100 80 10
D2062 100 90 骷髅锤兵 100 80 10
D2062 120 100 骷髅刀斧手 100 80 10
D2062 120 100 骷髅长枪兵 100 60 10
D2062 120 100 骷髅锤兵 100 60 10
;特殊
D2062 100 90 骷髅刀斧手0 100 4 60
D2062 100 90 骷髅长枪兵0 100 4 60
D2062 100 90 骷髅锤兵0 100 2 60
D2062 120 100 骷髅刀斧手0 100 4 60
D2062 120 100 骷髅长枪兵0 100 4 60
D2062 120 100 骷髅锤兵0 100 2 60
D2062 100 90 宝箱1 100 2 60
D2062 100 90 宝箱3 100 2 60
;骨魔洞三层
D2063 105 95 骷髅弓箭手 150 60 10
D2063 105 95 骷髅锤兵 150 40 10
D2063 105 95 骷髅长枪兵 150 60 10
D2063 105 95 骷髅刀斧手 150 60 10
D2063 105 100 骷髅弓箭手 150 60 10
D2063 105 100 骷髅锤兵 150 40 10
D2063 105 100 骷髅长枪兵 150 60 10
D2063 105 100 骷髅刀斧手 150 60 10
;特殊
D2063 105 100 骷髅弓箭手0 150 4 60
D2063 105 100 骷髅锤兵0 150 2 60
D2063 105 100 骷髅长枪兵0 150 4 60
D2063 105 100 骷髅刀斧手0 150 4 60
D2063 105 95 骷髅弓箭手0 150 4 60
D2063 105 95 骷髅锤兵0 150 2 60
D2063 105 95 骷髅长枪兵0 150 4 60
D2063 105 95 骷髅刀斧手0 150 4 60
D2063 105 95 宝箱2 120 2 60
D2063 105 95 宝箱4 120 2 60
;骨魔洞四层
D2064 105 95 骷髅锤兵 150 60 10
D2064 105 95 骷髅长枪兵 150 60 10
D2064 105 95 骷髅刀斧手 150 60 10
D2064 105 95 骷髅弓箭手 150 70 10
D2064 160 100 骷髅锤兵 150 60 10
D2064 160 100 骷髅长枪兵 150 60 10
D2064 160 100 骷髅刀斧手 150 60 10
D2064 160 100 骷髅弓箭手 150 70 10
;特殊
D2064 160 100 骷髅锤兵0 150 4 60
D2064 160 100 骷髅长枪兵0 150 4 60
D2064 160 100 骷髅刀斧手0 150 4 60
D2064 160 100 骷髅弓箭手0 150 8 60
D2064 105 95 骷髅锤兵0 150 4 60
D2064 105 95 骷髅长枪兵0 150 4 60
D2064 105 95 骷髅刀斧手0 150 4 60
D2064 105 95 骷髅弓箭手0 150 8 60
D2064 105 95 宝箱3 150 2 60
D2064 105 95 宝箱5 150 2 60
;骨魔洞五层
D2067 195 240 骷髅锤兵 200 50 10
D2067 195 240 骷髅长枪兵 200 50 10
D2067 195 240 骷髅刀斧手 200 50 10
D2067 195 240 骷髅弓箭手 200 20 10
D2067 190 60 骷髅锤兵 200 50 10
D2067 190 60 骷髅长枪兵 200 50 10
D2067 190 60 骷髅刀斧手 200 50 10
D2067 190 60 骷髅弓箭手 200 20 10
D2067 80 200 骷髅锤兵 200 50 10
D2067 80 200 骷髅长枪兵 200 50 10
D2067 80 200 骷髅刀斧手 200 50 10
D2067 80 200 骷髅弓箭手 200 20 10
;特殊
D2067 195 240 骷髅锤兵0 200 6 60
D2067 195 240 骷髅长枪兵0 200 6 60
D2067 190 60 骷髅刀斧手0 200 6 60
D2067 80 200 骷髅弓箭手0 200 4 60
D2067 195 240 黄泉教主0 200 1 60
D2067 195 240 黄泉教主 200 1 180
D2067 195 240 宝箱 200 2 60
D2067 195 240 宝箱2 200 2 60
D2067 195 240 宝箱4 200 2 60
D2067 195 240 宝箱6 200 1 180

;牛魔寺庙一层
D2071 165 180 牛头魔 150 80 10
D2071 165 180 牛魔战士 150 80 10
D2071 165 180 牛魔斗士 150 80 10
D2071 165 180 牛头魔 150 80 10
D2071 165 180 牛魔战士 150 80 10
D2071 165 180 牛魔斗士 150 60 10
;特殊
D2071 165 180 牛头魔0 150 2 60
D2071 165 180 牛魔战士0 150 1 60
D2071 165 180 牛魔斗士0 150 1 60
D2071 165 180 牛头魔0 150 4 60
D2071 165 180 牛魔战士0 150 2 60
D2071 165 180 牛魔斗士0 150 2 60
D2071 165 180 宝箱1 150 2 60
D2071 165 180 宝箱2 150 2 60
;牛魔寺庙二层
D2072 135 145 牛头魔 150 60 10
D2072 135 145 牛魔战士 150 80 10
D2072 135 145 牛魔斗士 150 80 10
D2072 135 145 牛魔侍卫 150 40 10
D2072 135 145 牛头魔 150 60 10
D2072 135 145 牛魔战士 150 80 10
D2072 135 145 牛魔斗士 150 80 10
D2072 135 145 牛魔侍卫 150 30 10
;特殊
D2072 135 145 牛头魔0 150 2 60
D2072 135 145 牛魔战士0 180 1 60
D2072 135 145 牛魔斗士0 180 1 60
D2072 135 145 牛魔侍卫0 180 1 60
D2072 135 145 牛头魔0 150 4 60
D2072 135 145 牛魔战士0 150 2 60
D2072 135 145 牛魔斗士0 150 2 60
D2072 135 145 牛魔侍卫0 150 2 60
D2072 135 145 宝箱1 150 2 60
D2072 135 145 宝箱3 150 2 60

;牛魔寺庙三层
D2073 205 210 牛头魔 200 60 10
D2073 205 210 牛魔战士 200 60 10
D2073 205 210 牛魔斗士 200 60 10
D2073 205 210 牛魔侍卫 200 40 10
D2073 205 210 牛魔法师 200 30 10
D2073 205 210 牛头魔 200 60 10
D2073 205 210 牛魔战士 200 60 10
D2073 205 210 牛魔斗士 200 60 10
D2073 205 210 牛魔侍卫 200 30 10
D2073 205 210 牛魔法师 200 20 10
;特殊
D2073 205 210 牛头魔0 200 3 60
D2073 205 210 牛魔战士0 200 2 60
D2073 205 210 牛魔斗士0 200 2 60
D2073 205 210 牛魔侍卫0 200 1 60
D2073 205 210 牛魔法师0 200 1 60
D2073 205 210 牛头魔0 200 6 60
D2073 205 210 牛魔战士0 200 4 60
D2073 205 210 牛魔斗士0 200 4 60
D2073 205 210 牛魔侍卫0 200 2 60
D2073 205 210 牛魔法师0 200 2 60
D2073 205 210 宝箱1 200 2 60
D2073 205 210 宝箱4 200 2 60
;牛魔寺庙四层
D2075 105 95 牛魔战士 150 80 10
D2075 105 95 牛魔斗士 150 80 10
D2075 105 95 牛魔侍卫 150 40 10
D2075 105 95 牛魔法师 150 40 10
D2075 105 95 牛魔将军 150 20 10
D2075 105 95 牛魔战士 150 80 10
D2075 105 95 牛魔斗士 150 80 10
D2075 105 95 牛魔侍卫 150 40 10
D2075 105 95 牛魔法师 150 40 10
D2075 105 95 牛魔将军 150 6 10
;特殊
D2075 105 95 牛魔战士0 150 2 60
D2075 105 95 牛魔斗士0 150 2 60
D2075 105 95 牛魔侍卫0 150 1 60
D2075 105 95 牛魔法师0 150 1 60
D2075 105 95 牛魔战士0 150 4 60
D2075 105 95 牛魔斗士0 150 4 60
D2075 105 95 牛魔侍卫0 150 2 60
D2075 105 95 牛魔法师0 150 2 60
D2075 105 95 宝箱1 150 2 60
D2075 105 95 宝箱5 150 2 60
;牛魔寺庙五层
D2076 90 105 牛魔战士 150 80 10
D2076 90 105 牛魔斗士 150 80 10
D2076 90 105 牛魔侍卫 150 60 10
D2076 90 105 牛魔法师 150 40 10
D2076 90 105 牛魔将军 150 20 10
D2076 90 105 牛魔战士 150 40 10
D2076 90 105 牛魔斗士 150 40 10
D2076 90 105 牛魔侍卫 150 40 10
D2076 90 105 牛魔法师 150 30 10
D2076 90 105 牛魔将军 150 20 10
;特殊
D2076 90 105 牛魔战士0 150 4 60
D2076 90 105 牛魔斗士0 150 4 60
D2076 90 105 牛魔侍卫0 150 2 60
D2076 90 105 牛魔法师0 150 2 60
D2076 90 105 牛魔将军0 150 2 60
D2076 90 105 宝箱1 150 2 60
D2076 90 105 宝箱3 150 2 60
D2076 90 105 宝箱6 150 1 60
D2076 90 105 牛魔战士0 150 2 60
D2076 90 105 牛魔斗士0 150 2 60
D2076 90 105 牛魔侍卫0 150 1 60
D2076 90 105 牛魔法师0 150 1 60
D2076 90 105 牛魔将军0 150 1 60
;牛魔寺庙六层
D2078 150 150 牛魔战士 180 60 10
D2078 150 150 牛魔斗士 180 60 10
D2078 150 150 牛魔侍卫 180 60 10
D2078 150 150 牛魔法师 180 60 10
D2078 150 150 牛魔将军 180 30 10
D2078 150 150 牛魔祭司 180 30 10
D2078 150 150 牛魔侍卫 180 60 10
D2078 150 150 牛魔法师 180 40 10
D2078 150 150 牛魔将军 180 20 10
D2078 150 150 牛魔祭司 180 20 10
;特殊
D2078 150 150 牛魔战士0 180 2 60
D2078 150 150 牛魔斗士0 180 2 60
D2078 150 150 牛魔战士0 180 2 60
D2078 150 150 牛魔斗士0 180 2 60
D2078 150 150 牛魔侍卫0 180 2 60
D2078 150 150 牛魔法师0 180 2 60
D2078 150 150 牛魔将军0 180 2 60
D2078 150 150 牛魔祭司0 180 2 60
D2078 150 150 宝箱 200 2 60
D2078 150 150 宝箱3 200 2 60
D2078 150 150 宝箱5 200 2 60
D2078 150 150 宝箱7 200 1 120
;牛魔寺庙大厅
D2079 50 50 牛魔侍卫 70 80 6
D2079 50 50 牛魔法师 70 80 6
D2079 50 50 牛魔将军 70 50 8
D2079 50 50 牛魔祭司 70 50 8
D2079 50 50 牛魔将军 70 30 8
D2079 50 50 牛魔祭司 70 30 8
;特殊
D2079 50 50 牛魔侍卫0 70 4 60
D2079 50 50 牛魔法师0 70 4 60
D2079 50 50 牛魔将军0 70 2 60
D2079 50 50 牛魔祭司0 70 2 60
D2079 50 50 宝箱2 50 2 60
D2079 50 50 宝箱4 50 2 60
D2079 50 50 宝箱6 50 2 60
D2079 50 50 宝箱8 50 1 120
D2079 50 50 牛魔王 1 1 360

;六个新衣服 
T232 22 24 暗之沃玛教主 3 1 180
T339 18 26 暗之骷髅精灵 3 1 180
T219 50 80 暗之双头金刚 3 1 180
T315 150 140 暗之黄泉教主 3 1 180
T118 14 15 暗之双头血魔 3 1 180
T218 14 15 暗之虹魔教主 3 1 180

;沙秘密通道
D701 100 100 残肢僵尸 100 20 16

;沙巴克影之道一层
H201 100 100 闪电僵尸 100 15 8
H201 100 100 闪电僵尸 100 20 8
H201 100 100 闪电僵尸 100 10 10
H201 100 100 尸王8 100 5 30
H201 100 100 蜈蚣8 100 15 10
H201 100 100 闪电僵尸 100 15 5
H201 100 100 闪电僵尸 100 20 5
H201 100 100 闪电僵尸 100 10 15
H201 100 100 尸王8 100 5 30
H201 100 100 闪电僵尸 100 10 6
H201 100 100 闪电僵尸 100 10 5
H201 100 100 恶灵尸王8 100 5 30
H201 100 100 闪电僵尸 100 10 8
H201 100 100 腐烂僵尸 100 10 8
H201 100 100 残肢僵尸 100 22 10
H201 100 100 尸王8 100 22 30
H201 100 100 腐烂僵尸 100 24 8
H201 100 100 残肢僵尸 100 22 10
H201 100 100 尸王8 100 10 30
H201 100 100 恶灵尸王 75 10 20
H201 100 100 闪电僵尸 100 22 8
H201 100 100 腐烂僵尸 100 10 8
H201 100 100 残肢僵尸 100 22 10
H201 100 100 尸王 100 2 30
H201 100 100 腐烂僵尸 100 10 8
H201 100 100 残肢僵尸 100 10 10
H201 100 100 尸王8 100 5 30
H201 100 100 恶灵尸王 75 10 20
H201 100 100 闪电僵尸 100 22 8
H201 100 100 腐烂僵尸 100 10 8
H201 100 100 残肢僵尸 100 22 10
H201 100 100 尸王 100 2 30
H201 100 100 腐烂僵尸 100 10 8
H201 100 100 残肢僵尸 100 10 10
H201 100 100 尸王8 100 2 30
H201 100 100 恶灵尸王 75 10 20
H201 100 100 闪电僵尸 100 22 8
H201 100 100 腐烂僵尸 100 24 8
H201 100 100 残肢僵尸 100 22 10
H201 100 100 尸王8 100 22 30
H201 100 100 腐烂僵尸 100 24 8
H201 100 100 残肢僵尸 100 22 10
H201 100 100 尸王8 100 22 30
H201 100 100 恶灵尸王 75 10 20
H201 100 100 尸王8 100 15 30
H201 100 100 闪电僵尸0 100 11 100
H201 100 100 腐烂僵尸0 100 11 100
H201 100 100 残肢僵尸0 100 11 100
H201 100 100 闪电僵尸 100 10 8
H201 100 100 尸王8 100 15 30
H201 100 100 闪电僵尸0 100 11 100
H201 100 100 腐烂僵尸0 100 11 100
H201 100 100 残肢僵尸0 100 11 100
;沙巴克影之道二层
H202 100 100 祖玛卫士 100 10 8
H202 100 100 祖玛卫士8 100 40 12
H202 100 100 祖玛卫士00 100 5 10
H202 100 100 祖玛弓箭手 100 20 30
H202 100 100 祖玛弓箭手8 100 60 12
H202 100 100 祖玛雕像 100 25 10
H202 100 100 祖玛雕像8 100 50 13
H202 100 100 楔蛾 100 40 5
;沙巴克影之道三层
H203 100 100 祖玛卫士8 100 20 8
H203 100 100 祖玛卫士8 100 30 8
H203 100 100 祖玛卫士00 100 15 8
H203 100 100 祖玛弓箭手 100 10 8
H203 100 100 祖玛雕像8 100 50 9
H203 100 100 祖玛雕像8 100 20 8
H203 100 100 楔蛾 100 40 8
H203 100 100 祖玛弓箭手8 100 60 9
;沙巴克藏宝阁
H204 100 100 地藏王 50 1 60
H204 100 100 重装使者 50 1 70
H204 100 50 祖玛教主 140 1 60
H204 100 100 沃玛教主 140 1 60
H204 100 100 黄泉教主8 100 1 60
H204 100 100 牛魔王8 100 1 60
H204 100 100 暗之牛魔王8 100 1 60
H204 100 100 虹魔教主8 100 1 60
H204 100 100 虹魔猪卫8 100 12 40
H204 100 100 虹魔蝎卫8 100 12 35
H204 100 100 白野猪8 100 15 15
H204 100 100 沃玛卫士8 100 16 25
H204 100 100 祖玛卫士8 100 20 10
H204 100 100 祖玛雕像8 100 20 10
H204 100 100 祖玛弓箭手8 100 30 10
H204 100 100 楔蛾8 100 30 18

;幻境一层
H001 75 75 恶灵僵尸8 75 60 20
H001 75 75 恶灵僵尸8 75 60 20
H001 75 75 恶灵僵尸8 75 60 20
H001 75 75 恶灵僵尸8 75 60 20
H001 75 75 恶灵尸王8 75 40 20
H001 75 75 蜈蚣8 75 60 20
H001 75 75 黑色恶蛆8 75 60 20
H001 75 75 跳跳蜂8 75 60 20
H001 75 75 钳虫8 75 60 20

;;特殊
H001 75 75 尸王8 75 2 30
H001 75 75 尸王8 75 2 30
H001 75 75 骷髅精灵8 75 2 15
H001 75 75 骷髅精灵8 75 2 15
H001 75 75 骷髅精灵8 75 2 15

;幻境二层
H002 251 41 红野猪8 30 15 10
H002 321 72 红野猪8 30 15 10
H002 363 146 红野猪8 30 15 10
H002 172 59 红野猪8 30 15 10
H002 210 93 红野猪8 30 15 10
H002 262 140 红野猪8 30 15 10
H002 309 19 红野猪8 30 15 10
H002 350 303 红野猪8 30 15 10
H002 111 105 红野猪8 30 15 10
H002 158 149 红野猪8 30 15 10
H002 200 200 红野猪8 30 15 10
H002 255 306 红野猪8 30 15 10
H002 287 286 红野猪8 30 15 10
H002 56 158 红野猪8 30 15 10
H002 153 237 红野猪8 30 15 10
H002 112 250 红野猪8 30 15 10
H002 114 314 红野猪8 30 15 10
H002 304 340 红野猪8 30 15 10
H002 251 41 黑野猪8 30 15 10
H002 321 72 黑野猪8 30 15 10
H002 363 146 黑野猪8 30 15 10
H002 172 59 黑野猪8 30 15 10
H002 210 93 黑野猪8 30 15 10
H002 262 140 黑野猪8 30 15 10
H002 309 19 黑野猪8 30 15 10
H002 350 303 黑野猪8 30 15 10
H002 111 105 黑野猪8 30 15 10
H002 158 149 黑野猪8 30 15 10
H002 200 200 黑野猪8 30 15 10
H002 255 306 黑野猪8 30 15 10
H002 287 286 黑野猪8 30 10 10
H002 56 158 黑野猪8 30 10 10
H002 153 237 黑野猪8 30 10 10
H002 112 250 黑野猪8 30 10 10
H002 114 314 黑野猪8 30 10 10
H002 304 340 黑野猪8 30 10 10
H002 251 41 红野猪8 30 10 10
H002 321 72 红野猪8 30 10 10
H002 363 146 红野猪8 30 10 10
H002 172 59 红野猪8 30 10 10
H002 210 93 黑野猪8 30 10 10
H002 262 140 黑野猪8 30 10 10
H002 309 19 黑野猪8 30 10 10
H002 350 303 黑野猪8 30 10 10
H002 111 105 黑野猪8 30 10 10
H002 158 149 红野猪8 30 10 10
H002 200 200 红野猪8 30 10 10
H002 255 306 红野猪8 30 10 10
H002 287 286 红野猪8 30 10 10
H002 56 158 红野猪8 30 10 10
H002 153 237 红野猪8 30 10 10
H002 112 250 黑野猪8 30 10 10
H002 114 314 黑野猪8 30 10 10
H002 304 340 黑野猪8 30 10 10
H002 200 200 楔蛾8 200 25 10
H002 200 200 蝎蛇8 200 30 10

;幻境三层
H003 40 40 沃玛勇士8 20 5 5 50
H003 40 40 沃玛战将8 20 5 5 50
H003 40 40 火焰沃玛8 20 5 5 50
H003 40 40 沃玛战士8 20 5 5 50
H003 50 50 沃玛勇士8 20 7 5 50
H003 50 50 沃玛战将8 20 7 5 50
H003 50 50 火焰沃玛8 20 7 5 50
H003 50 50 沃玛战士8 20 5 5 50
H003 60 60 沃玛勇士8 20 5 5 50
H003 60 60 沃玛战将8 20 5 5 50
H003 60 60 火焰沃玛8 20 5 5 50
H003 60 60 沃玛战士8 20 5 5 50
H003 40 50 沃玛勇士8 20 5 5
H003 40 50 沃玛战将8 20 5 5
H003 40 50 火焰沃玛8 20 5 5
H003 40 50 沃玛战士8 20 5 5
H003 40 50 沃玛战将8 20 5 5
H003 40 50 火焰沃玛8 20 7 5
H003 40 50 沃玛战将8 20 7 5
H003 50 40 沃玛勇士8 20 7 5
H003 50 40 沃玛战将8 20 5 5
H003 50 40 火焰沃玛8 20 5 5
H003 50 40 沃玛战士8 20 5 5
H003 60 50 沃玛勇士8 20 5 5
H003 60 50 沃玛战将8 20 5 5
H003 60 50 火焰沃玛8 20 5 5
H003 60 50 沃玛战士8 20 5 5
H003 50 60 沃玛勇士8 20 3 5
H003 50 60 沃玛战将8 20 3 5
H003 50 60 火焰沃玛8 20 3 5
H003 50 60 沃玛战士8 20 5 5
H003 20 21 沃玛勇士8 7 5 5
H003 20 21 沃玛战将8 7 5 5
H003 20 21 火焰沃玛8 7 5 5
H003 20 21 沃玛战士8 7 8 5

;;特殊
H003 50 50 沃玛卫士8 30 2 20

;幻境四层
H004 19 39 黑色恶蛆8 70 20 7
H004 97 81 黑色恶蛆8 70 20 7
H004 57 166 黑色恶蛆8 70 20 7
H004 178 127 黑色恶蛆8 70 20 7
H004 19 39 跳跳蜂8 70 15 7
H004 97 81 跳跳蜂8 70 15 7
H004 57 166 跳跳蜂8 70 15 7
H004 178 127 跳跳蜂8 70 15 7
H004 19 39 巨型蠕虫8 70 15 7
H004 97 81 巨型蠕虫8 70 15 7
H004 57 166 巨型蠕虫8 70 15 7
H004 178 127 巨型蠕虫8 70 15 7
H004 19 39 钳虫8 70 20 7
H004 97 81 钳虫8 70 20 7
H004 57 166 钳虫8 70 20 7
H004 178 127 钳虫8 70 20 7
H004 100 100 钳虫8 100 10 10 50
H004 100 100 钳虫8 100 10 10 50
H004 100 100 蜈蚣8 100 80 7
H004 100 100 蜈蚣8 100 10 10 50
H004 100 100 蜈蚣8 100 10 10 50
H004 100 100 邪恶钳虫8 100 2 60
H004 100 100 蜈蚣8 50 2 20
H004 100 100 跳跳蜂8 50 2 20
H004 100 100 巨型蠕虫8 50 2 20
H004 100 100 钳虫8 50 2 20

;;特殊
H004 83 168 触龙神8 40 1 20
H004 83 168 变异史莱姆8 70 1 20

;幻境五层
H005 200 190 骷髅锤兵8 100 20 8
H005 200 190 骷髅长枪兵8 100 40 8
H005 145 80 骷髅刀斧手8 100 40 8
H005 145 80 骷髅弓箭手8 100 20 10
H005 100 125 骷髅刀斧手8 100 40 8
H005 100 125 骷髅锤兵8 100 20 10
H005 200 190 骷髅弓箭手8 100 20 20
H005 100 125 骷髅长枪兵8 100 20 20
H005 100 145 骷髅长枪兵8 100 40 8
H005 100 145 骷髅刀斧手8 100 20 10
H005 100 140 骷髅刀斧手8 100 20 60
H005 200 190 骷髅刀斧手8 100 20 10
H005 100 125 骷髅锤兵8 100 20 20
H005 100 125 骷髅刀斧手8 100 20 10
H005 100 125 骷髅长枪兵8 100 20 20
H005 100 125 黄泉教主8 100 1 120

;幻境六层
H006 100 100 黑色恶蛆8 100 30 5
H006 100 100 黑色恶蛆8 100 30 5
H006 100 100 楔蛾8 100 30 5
H006 100 100 楔蛾8 100 30 5
H006 100 100 楔蛾8 100 30 5
H006 100 100 蝎蛇8 100 50 5
H006 100 100 白野猪80 100 1 10
H006 100 100 白野猪80 100 1 10
H006 100 100 白野猪80 100 1 10
H006 100 100 白野猪8 100 1 15
H006 100 100 白野猪8 100 1 20
H006 100 100 邪恶毒蛇8 100 1 20
H006 80 28 石墓尸王8 0 1 30
H006 83 25 石墓尸王8 0 1 30
;幻境七层
H007 100 100 祖玛弓箭手8 100 80 10
H007 100 100 祖玛雕像8 100 80 10
H007 100 100 祖玛卫士8 100 60 10
H007 100 100 楔蛾8 100 80 10

;;特殊
H007 100 100 祖玛弓箭手83 100 20 10
H007 100 100 祖玛雕像83 100 10 10
H007 100 100 祖玛卫士83 100 10 10
H007 100 100 祖玛弓箭手83 100 20 10
H007 100 100 祖玛弓箭手83 100 20 10
H007 100 100 祖玛卫士80 100 2 10
H007 100 100 祖玛雕像83 100 20 10

;幻境迷宫
T2061 19 24 角蝇 5 1 10
T2061 19 24 楔蛾8 5 1 10
T2061 19 24 电僵王8 5 1 10
T2062 19 24 角蝇 5 1 10
T2062 19 24 楔蛾8 5 1 10
T2062 19 24 电僵王8 5 1 10
T2063 19 24 角蝇 5 1 10
T2063 19 24 楔蛾8 5 1 10
T2063 19 24 电僵王8 5 1 10
T3061 19 24 角蝇8 5 1 10
T3061 19 24 楔蛾8 5 1 10
T3061 19 24 电僵王8 5 1 10
T3062 19 24 角蝇 5 1 10
T3062 19 24 楔蛾8 5 1 10
T3062 19 24 电僵王8 5 1 10
T3063 19 24 角蝇8 5 1 10
T3063 19 24 楔蛾8 5 1 10
T3063 19 24 电僵王8 5 1 10

;;特殊
T1061 19 24 角蝇 5 1 10
T1061 19 24 楔蛾8 5 1 10
T1061 19 24 电僵王8 5 1 10
T1061 19 24 重装使者 5 1 120

;幻境八层
H008 61 26 祖玛雕像83 10 10 10
H008 40 45 祖玛卫士83 20 10 10
H008 40 45 祖玛弓箭手83 50 50 10
H008 26 58 祖玛雕像83 10 10 10
H008 20 45 祖玛卫士83 10 5 10
H008 40 25 祖玛卫士83 10 5 10
H008 65 35 祖玛雕像83 10 5 10
H008 40 65 祖玛雕像83 10 5 10
H008 40 45 楔蛾8 60 60 10

;;特殊
H008 40 45 虹魔蝎卫8 30 1 360
H008 40 45 虹魔猪卫8 30 1 15
H008 40 45 虹魔蝎卫80 30 2 10
H008 40 45 虹魔猪卫80 30 2 10
H008 25 29 虹魔教主8 10 1 30

;幻境九层
H009 128 91 月魔蜘蛛8 200 50 10
H009 128 91 天狼蜘蛛8 200 80 8
H009 128 91 钢牙蜘蛛8 200 60 10
H009 128 91 花吻蜘蛛8 200 60 10
H009 128 91 黑锷蜘蛛8 200 5 12

H009 242 152 月魔蜘蛛8 150 30 10
H009 242 152 天狼蜘蛛8 150 50 8
H009 242 152 钢牙蜘蛛8 150 50 10
H009 242 152 花吻蜘蛛8 150 50 10
H009 242 152 黑锷蜘蛛8 150 5 12

H009 66 208 月魔蜘蛛8 150 30 10
H009 66 208 天狼蜘蛛8 150 30 8
H009 66 208 钢牙蜘蛛8 150 20 10
H009 66 208 花吻蜘蛛8 150 20 10
H009 66 208 黑锷蜘蛛8 150 5 12

;;特殊
H009 128 91 血巨人8 200 5 20
H009 128 91 血巨人8 200 5 20
H009 128 91 血僵尸8 200 5 20
H009 128 91 血僵尸8 200 5 20
H009 128 91 邪恶巨人8 200 5 20
H009 128 91 邪恶巨人8 200 5 20
H009 128 91 月魔蜘蛛8 200 5 10
H009 128 91 双头血魔8 200 1 120
H009 128 91 双头金刚8 200 1 120

;屠龙殿
H010 205 210 牛魔侍卫8 200 80 10
H010 205 210 牛魔法师8 200 80 10
H010 205 210 牛魔将军8 200 50 10
H010 205 210 牛魔侍卫8 200 50 10
H010 205 210 牛魔法师8 200 60 10
H010 205 210 牛魔祭司0 200 6 60
H010 205 210 牛魔将军0 200 4 60
H010 205 210 牛魔将军0 200 4 60
H010 205 210 牛魔祭司0 200 2 60
H010 205 210 牛魔祭司0 200 2 60
H010 205 210 牛魔法师8 200 50 10
H010 205 210 牛魔祭司8 200 50 10
H010 205 210 牛魔将军8 200 50 10
H010 205 210 牛魔侍卫8 200 50 10
H010 205 210 牛魔法师8 200 50 10

;;特殊
H010 205 210 赤月恶魔8 200 1 180
H010 205 210 暗之触龙神8 200 1 120
H010 205 210 牛魔王8 200 1 120
H010 205 210 暗之牛魔王8 200 1 120

;王者禁地
H104 55 27 黑色恶蛆8 50 10 7
H104 89 81 黑色恶蛆8 50 10 7
H104 51 131 黑色恶蛆8 50 10 7
H104 126 37 黑色恶蛆8 50 10 7
H104 162 92 黑色恶蛆8 50 10 7
H104 55 27 巨型蠕虫8 50 11 7
H104 89 81 巨型蠕虫8 50 11 7
H104 51 131 巨型蠕虫8 50 11 7
H104 126 37 巨型蠕虫8 50 11 7
H104 162 92 巨型蠕虫8 50 11 7
H104 55 27 钳虫8 50 10 7
H104 89 81 钳虫8 50 10 7
H104 51 131 钳虫8 50 10 7
H104 126 37 钳虫8 50 10 7
H104 162 92 钳虫8 50 10 7
H104 55 27 蜈蚣8 50 10 7
H104 89 81 蜈蚣8 50 10 7
H104 51 131 蜈蚣8 50 10 7
H104 126 37 蜈蚣8 50 10 7
H104 162 92 蜈蚣8 50 10 7
H104 100 100 钳虫8 100 10 10 50
H104 100 100 钳虫8 100 10 10 50
H104 100 100 蜈蚣8 100 10 10 50
H104 100 100 蜈蚣8 100 10 10 50
H104 100 100 邪恶钳虫8 100 1 180

H104 100 100 黑色恶蛆8 100 1 15
H104 100 100 巨型蠕虫8 100 1 15
H104 100 100 钳虫8 100 1 15
H104 100 100 蜈蚣8 100 1 15 


H102 251 41 红野猪8 30 7 10
H102 321 72 红野猪8 30 7 10
H102 363 146 红野猪8 30 7 10
H102 172 59 红野猪8 30 7 10
H102 210 93 红野猪8 30 7 10
H102 262 140 红野猪8 30 7 10
H102 309 19 红野猪8 30 7 10
H102 350 303 红野猪8 30 7 10
H102 111 105 红野猪8 30 7 10
H102 158 149 红野猪8 30 7 10
H102 200 200 红野猪8 30 7 10
H102 255 306 红野猪8 30 7 10
H102 287 286 红野猪8 30 7 10
H102 300 300 红野猪8 30 7 10
H102 56 158 红野猪8 30 7 10
H102 153 237 红野猪8 30 7 10
H102 112 250 红野猪8 30 7 10
H102 114 314 红野猪8 30 7 10
H102 304 340 红野猪8 30 7 10
H102 251 41 黑野猪8 30 5 10
H102 363 146 黑野猪8 30 5 10
H102 172 59 黑野猪8 30 5 10
H102 210 93 黑野猪8 30 5 10
H102 262 140 黑野猪8 30 5 10
H102 309 19 黑野猪8 30 5 10
H102 350 303 黑野猪8 30 5 10
H102 111 105 黑野猪8 30 5 10
H102 158 149 黑野猪8 30 5 10
H102 200 200 黑野猪8 30 5 10
H102 255 306 黑野猪8 30 5 10
H102 287 286 黑野猪8 30 5 10
H102 56 158 黑野猪8 30 5 10
H102 153 237 黑野猪8 30 5 10
H102 112 250 黑野猪8 30 5 10
H102 114 314 黑野猪8 30 5 10
H102 304 340 黑野猪8 30 5 10
H102 100 100 黑野猪8 100 1 5 50
H102 300 100 黑野猪8 100 1 5 50
H102 100 300 黑野猪8 100 1 5 50
H102 300 300 黑野猪8 100 1 5 50
H102 251 41 黑色恶蛆8 30 5 10
H102 321 72 黑色恶蛆8 30 5 10
H102 363 146 黑色恶蛆8 30 5 10
H102 172 59 黑色恶蛆8 30 5 10
H102 210 93 黑色恶蛆8 30 5 10
H102 262 140 黑色恶蛆8 30 5 10
H102 309 19 黑色恶蛆8 30 5 10
H102 350 303 黑色恶蛆8 30 5 10
H102 111 105 黑色恶蛆8 30 5 10
H102 158 149 黑色恶蛆8 30 5 10
H102 200 200 黑色恶蛆8 30 5 10
H102 255 306 黑色恶蛆8 30 5 10
H102 287 286 黑色恶蛆8 30 5 10
H102 56 158 黑色恶蛆8 30 5 10
H102 153 237 黑色恶蛆8 30 5 10
H102 112 250 黑色恶蛆8 30 5 10
H102 114 314 黑色恶蛆8 30 5 10
H102 304 340 黑色恶蛆8 30 5 10
H102 200 200 楔蛾8 200 35 10

H105 100 90 骷髅长枪兵8 100 50 25
H105 100 90 骷髅刀斧手8 100 50 25
H105 100 90 骷髅弓箭手8 100 50 25
H105 100 90 骷髅弓箭手8 100 2 25

H106 75 114 神兽 150 100 20
H106 75 114 蝎子王 150 100 20
H106 75 114 蜈蚣王 150 25 30
H106 75 114 钉耙猫王 150 100 30
H106 75 114 多钩猫王 150 100 30
H106 75 114 虎蛇王 150 100 20
H106 75 114 地狱犬 150 100 20
H106 75 114 电僵王8 150 25 30
H106 75 114 楔蛾王 150 100 30
H106 75 114 红蛇王 150 100 30

;圣域
;------------------------------------------------------
B103A 11 12 圣域精灵 1 1 9
B104A 11 12 圣域炎兽 1 1 9
B105A 11 12 圣域卫士 1 1 9
B106A 11 12 圣域将军 1 1 9
B107A 11 12 圣域钳虫 1 1 9
B108A 11 12 圣域月魔 1 1 9
B109A 11 12 圣域猪卫 1 1 9
B110A 11 12 圣域魔魂 1 1 9
B111A 11 12 圣域骷髅 1 1 9
B112A 11 12 圣域蝙蝠 1 1 9
B113A 11 12 圣域稻草人 1 1 9
B114A 11 12 圣域尸王 1 1 9
B115A 11 12 圣域弓箭手 1 1 9
B116A 11 12 圣域祭司 1 1 9
B117A 11 12 圣域雕像 1 1 9
B118A 11 12 圣域花吻 1 1 9
B119A 11 12 圣域神龙 1 1 9
B120A 11 12 圣域血魔 1 1 9
B121A 11 12 圣域楔蛾 1 1 9
B122A 11 12 圣域勇士 1 1 9
B123A 11 12 圣域护法 1 1 9
B124A 11 12 圣域神鹰 1 1 9
B125A 11 12 圣域牛魔 1 1 9
B126A 11 12 圣域杀手 1 1 9
B127A 11 12 圣域巨虫 1 1 9
B128A 11 12 圣域多钩猫 1 1 9
B129A 11 12 圣域教主 1 1 9
B130A 11 12 圣域金刚 1 1 9
B131A 11 12 圣域刀斧手 1 1 9
B132A 11 12 圣域魔蝎 1 1 9
B133A 11 12 圣域蛇王 1 1 9
B134A 11 12 圣域冥狼 1 1 9
B135A 11 12 圣域侍卫 1 1 9
B136A 11 12 圣域力士 1 1 9
B137A 11 12 圣域天狼 1 1 9
B138A 11 12 圣域蝎卫 1 1 9
B139A 11 12 圣域修罗 1 1 9
B140A 11 12 圣域牛魔王 1 1 9

;赌场
T103 19 19 羊 20 30 5
T109 50 50 掷斧骷髅9 50 100 5
T1061 20 20 骷髅 20 10 5
T1061 20 20 骷髅战士 20 10 5
T1062 20 20 骷髅战将 20 10 5
T1062 20 20 掷斧骷髅 20 10 5
T1063 20 20 骷髅精灵 20 20 5
T115 100 100 闪电僵尸 100 20 5
T115 100 100 墓穴僵尸 100 20 5
T115 100 100 土栖僵尸 100 20 5
T115 100 100 腐烂僵尸 100 20 5
T115 100 100 残肢僵尸 100 20 5
T118A 14 17 沃玛教主1 5 20 5
T119 50 50 沃玛教主 50 30 5
T131 15 11 弓箭守卫 0 1 10
T131 10 16 弓箭守卫 0 1 10
T131 10 6 弓箭守卫 0 1 10
T131 4 11 弓箭守卫 0 1 10
T132 21 25 邪恶钳虫 20 5 5
T134 32 9 祖玛卫士 1 1 10
T134 30 11 祖玛卫士 1 1 10
T134 38 13 祖玛卫士 1 1 10
T134 26 15 祖玛卫士 1 1 10
T134 24 17 祖玛卫士 1 1 10
T134 22 19 祖玛卫士 1 1 10
T134 21 20 祖玛卫士 1 1 10
T134 20 21 祖玛卫士 1 1 10
T134 18 23 祖玛卫士 1 1 10
T134 17 24 祖玛卫士 1 1 10
T134 16 25 祖玛卫士 1 1 10
T134 15 26 祖玛卫士 1 1 10
T134 14 27 祖玛卫士 1 1 10
T134 13 28 祖玛卫士 1 1 10
T134 12 29 祖玛卫士 1 1 10
T134 10 31 祖玛卫士 1 1 10
T134 8 32 祖玛卫士 1 1 10
T134 6 34 祖玛卫士 1 1 10
T138 10 10 大老鼠 10 10 5
T139 19 24 祖玛教主 1 1 5
T140 15 15 祖玛卫士 15 10 5

;卧龙山庄
nhero1	66	48	大祭司元离	0	1	60	0	251	1
nhero1	121	125	卧龙战将	125	35	21	0	239	1
nhero1	122	124	卧龙战将1	125	35	21	0	239	1
nhero1	123	123	卧龙魔将	125	30	22	0	239	1
nhero1	124	122	卧龙魔将1	125	30	22	0	239	1
nhero1	125	121	卧龙道尊	125	30	23	0	239	1
nhero1	125	124	卧龙道尊1	125	30	23	0	239	1
nhero1	124	125	斩浪（卧龙）	125	5	34	0	239	1
nhero1	123	123	飞鸿（卧龙）	125	5	34	0	239	1
nhero1	122	121	风云（卧龙）	125	5	34	0	239	1
nhero1	121	123	新月（卧龙）	125	5	34	0	239	1
nhero1	121	122	青城（卧龙）	125	5	34	0	239	1
nhero1	122	126	御风（卧龙）	125	5	34	0	239	1