;怪物名称  背景编号  背景偏移X  背景偏移Y  图像编号  图像偏移X  图像偏移Y  血条编号  血条偏移X  血条偏移Y  显示等级(-1~255)  等级偏移X  等级偏移Y  怪物显名(-1~255)  名字偏移X  名字偏移Y  显示血值(-1~255)  血值偏移X  血值偏移Y  显示血量百分比(-1~255)  百分比偏移X  百分比偏移Y  显示怪物归属(-1~255)  归属偏移X  归属偏移Y
炼狱魔君[上古] 0 300 60 17 33 20 0 114 38 250 108 68 251 145 62 251 200 40 251 360 40 -1
血灵魔君[三界] 0 300 60 18 33 20 0 114 38 250 108 68 251 145 62 251 200 40 251 360 40 -1
深渊领主[远古] 0 300 60 19 33 20 0 114 38 250 108 68 251 145 62 251 200 40 251 360 40 -1
血魄魔君[上古] 0 300 60 20 33 20 0 114 38 250 108 68 251 145 62 251 200 40 251 360 40 -1
血月魔君[上古] 0 300 60 22 33 20 0 114 38 250 108 68 251 145 62 251 200 40 251 360 40 -1
炽焰魔君[上古] 0 300 60 23 33 20 0 114 38 250 108 68 251 145 62 251 200 40 251 360 40 -1
魔族统帅 0 300 60 24 33 20 0 114 38 250 108 68 251 145 62 251 200 40 251 360 40 -1



